0.479698
0.230110
0.110383
0.052951
0.025400
0.012184
0.005845
0.002804
0.001345
0.000645
0.000309
0.000148
0.000071
0.000034
0.000016
0.000008
0.728036
0.530036
0.385885
0.280938
0.204533
0.148907
0.108410
0.078926
0.057461
0.041834
0.030457
0.022173
0.016143
0.011753
0.008556
0.006229
0.422813
0.178771
0.075586
0.031959
0.013513
0.005713
0.002416
0.001021
0.000432
0.000183
0.000077
0.000033
0.000014
0.000006
0.000002
0.000001
0.617202
0.380939
0.235116
0.145114
0.089565
0.055280
0.034119
0.021058
0.012997
0.008022
0.004951
0.003056
0.001886
0.001164
0.000718
0.000443
0.568541
0.323239
0.183774
0.104483
0.059403
0.033773
0.019201
0.010917
0.006207
0.003529
0.002006
0.001141
0.000648
0.000369
0.000210
0.000119
0.621806
0.386643
0.240417
0.149493
0.092955
0.057800
0.035941
0.022348
0.013896
0.008641
0.005373
0.003341
0.002077
0.001292
0.000803
0.000499
0.274890
0.075564
0.020772
0.005710
0.001570
0.000431
0.000119
0.000033
0.000009
0.000002
0.000001
0.000000
0.000000
0.000000
0.000000
0.000000
0.332758
0.110728
0.036846
0.012261
0.004080
0.001358
0.000452
0.000150
0.000050
0.000017
0.000006
0.000002
0.000001
0.000000
0.000000
0.000000
0.606262
0.367554
0.222834
0.135096
0.081903
0.049655
0.030104
0.018251
0.011065
0.006708
0.004067
0.002466
0.001495
0.000906
0.000549
0.000333
0.562655
0.316581
0.178126
0.100223
0.056391
0.031729
0.017852
0.010045
0.005652
0.003180
0.001789
0.001007
0.000566
0.000319
0.000179
0.000101
0.422647
0.178631
0.075498
0.031909
0.013486
0.005700
0.002409
0.001018
0.000430
0.000182
0.000077
0.000032
0.000014
0.000006
0.000002
0.000001
0.413867
0.171286
0.070889
0.029339
0.012142
0.005025
0.002080
0.000861
0.000356
0.000147
0.000061
0.000025
0.000010
0.000004
0.000002
0.000001
0.602328
0.362799
0.218524
0.131623
0.079280
0.047753
0.028763
0.017325
0.010435
0.006285
0.003786
0.002280
0.001373
0.000827
0.000498
0.000300
0.386440
0.149336
0.057709
0.022301
0.008618
0.003330
0.001287
0.000497
0.000192
0.000074
0.000029
0.000011
0.000004
0.000002
0.000001
0.000000
0.465747
0.216920
0.101030
0.047054
0.021915
0.010207
0.004754
0.002214
0.001031
0.000480
0.000224
0.000104
0.000049
0.000023
0.000011
0.000005
0.351215
0.123352
0.043323
0.015216
0.005344
0.001877
0.000659
0.000232
0.000081
0.000029
0.000010
0.000004
0.000001
0.000000
0.000000
0.000000
0.635007
0.403234
0.256057
0.162598
0.103251
0.065565
0.041634
0.026438
0.016788
0.010661
0.006770
0.004299
0.002730
0.001733
0.001101
0.000699
0.665186
0.442472
0.294327
0.195782
0.130231
0.086628
0.057624
0.038331
0.025497
0.016960
0.011282
0.007504
0.004992
0.003321
0.002209
0.001469
0.383526
0.147092
0.056414
0.021636
0.008298
0.003182
0.001221
0.000468
0.000180
0.000069
0.000026
0.000010
0.000004
0.000001
0.000001
0.000000
0.512440
0.262595
0.134564
0.068956
0.035336
0.018108
0.009279
0.004755
0.002437
0.001249
0.000640
0.000328
0.000168
0.000086
0.000044
0.000023
0.596037
0.355260
0.211748
0.126210
0.075226
0.044837
0.026725
0.015929
0.009494
0.005659
0.003373
0.002010
0.001198
0.000714
0.000426
0.000254
0.312435
0.097616
0.030499
0.009529
0.002977
0.000930
0.000291
0.000091
0.000028
0.000009
0.000003
0.000001
0.000000
0.000000
0.000000
0.000000
0.530855
0.281807
0.149599
0.079415
0.042158
0.022380
0.011880
0.006307
0.003348
0.001777
0.000943
0.000501
0.000266
0.000141
0.000075
0.000040
0.670959
0.450186
0.302057
0.202668
0.135982
0.091238
0.061217
0.041074
0.027559
0.018491
0.012407
0.008324
0.005585
0.003748
0.002514
0.001687
0.526457
0.277157
0.145911
0.076816
0.040440
0.021290
0.011208
0.005901
0.003106
0.001635
0.000861
0.000453
0.000239
0.000126
0.000066
0.000035
0.604860
0.365856
0.221292
0.133851
0.080961
0.048970
0.029620
0.017916
0.010837
0.006555
0.003965
0.002398
0.001450
0.000877
0.000531
0.000321
0.583571
0.340556
0.198739
0.115978
0.067681
0.039497
0.023049
0.013451
0.007850
0.004581
0.002673
0.001560
0.000910
0.000531
0.000310
0.000181
0.695964
0.484366
0.337101
0.234610
0.163280
0.113637
0.079087
0.055042
0.038307
0.026660
0.018555
0.012913
0.008987
0.006255
0.004353
0.003030
0.314450
0.098879
0.031092
0.009777
0.003074
0.000967
0.000304
0.000096
0.000030
0.000009
0.000003
0.000001
0.000000
0.000000
0.000000
0.000000
0.290505
0.084393
0.024517
0.007122
0.002069
0.000601
0.000175
0.000051
0.000015
0.000004
0.000001
0.000000
0.000000
0.000000
0.000000
0.000000
0.687748
0.472997
0.325303
0.223726
0.153867
0.105822
0.072779
0.050053
0.034424
0.023675
0.016283
0.011198
0.007702
0.005297
0.003643
0.002505
0.350625
0.122938
0.043105
0.015114
0.005299
0.001858
0.000651
0.000228
0.000080
0.000028
0.000010
0.000003
0.000001
0.000000
0.000000
0.000000
0.481291
0.231641
0.111487
0.053658
0.025825
0.012429
0.005982
0.002879
0.001386
0.000667
0.000321
0.000154
0.000074
0.000036
0.000017
0.000008
0.732059
0.535910
0.392318
0.287200
0.210247
0.153913
0.112674
0.082484
0.060383
0.044204
0.032360
0.023689
0.017342
0.012695
0.009294
0.006804
0.414111
0.171488
0.071015
0.029408
0.012178
0.005043
0.002088
0.000865
0.000358
0.000148
0.000061
0.000025
0.000011
0.000004
0.000002
0.000001
0.624610
0.390138
0.243684
0.152207
0.095070
0.059382
0.037090
0.023167
0.014470
0.009038
0.005645
0.003526
0.002203
0.001376
0.000859
0.000537
0.574614
0.330182
0.189727
0.109020
0.062644
0.035996
0.020684
0.011885
0.006829
0.003924
0.002255
0.001296
0.000745
0.000428
0.000246
0.000141
0.616817
0.380464
0.234677
0.144753
0.089286
0.055073
0.033970
0.020953
0.012924
0.007972
0.004917
0.003033
0.001871
0.001154
0.000712
0.000439
0.269334
0.072541
0.019538
0.005262
0.001417
0.000382
0.000103
0.000028
0.000007
0.000002
0.000001
0.000000
0.000000
0.000000
0.000000
0.000000
0.330663
0.109338
0.036154
0.011955
0.003953
0.001307
0.000432
0.000143
0.000047
0.000016
0.000005
0.000002
0.000001
0.000000
0.000000
0.000000
0.606412
0.367735
0.222999
0.135229
0.082005
0.049729
0.030156
0.018287
0.011089
0.006725
0.004078
0.002473
0.001500
0.000909
0.000551
0.000334
0.563706
0.317764
0.179126
0.100974
0.056920
0.032086
0.018087
0.010196
0.005747
0.003240
0.001826
0.001030
0.000580
0.000327
0.000184
0.000104
0.421505
0.177667
0.074887
0.031565
0.013305
0.005608
0.002364
0.000996
0.000420
0.000177
0.000075
0.000031
0.000013
0.000006
0.000002
0.000001
0.418262
0.174943
0.073172
0.030605
0.012801
0.005354
0.002239
0.000937
0.000392
0.000164
0.000069
0.000029
0.000012
0.000005
0.000002
0.000001
0.593783
0.352578
0.209355
0.124311
0.073814
0.043829
0.026025
0.015453
0.009176
0.005449
0.003235
0.001921
0.001141
0.000677
0.000402
0.000239
0.377961
0.142855
0.053994
0.020407
0.007713
0.002915
0.001102
0.000416
0.000157
0.000059
0.000022
0.000008
0.000003
0.000001
0.000000
0.000000
0.469211
0.220159
0.103301
0.048470
0.022743
0.010671
0.005007
0.002349
0.001102
0.000517
0.000243
0.000114
0.000053
0.000025
0.000012
0.000006
0.345548
0.119404
0.041260
0.014257
0.004927
0.001702
0.000588
0.000203
0.000070
0.000024
0.000008
0.000003
0.000001
0.000000
0.000000
0.000000
0.636986
0.405751
0.258458
0.164634
0.104869
0.066800
0.042551
0.027104
0.017265
0.010998
0.007005
0.004462
0.002842
0.001811
0.001153
0.000735
0.670970
0.450200
0.302071
0.202680
0.135992
0.091247
0.061224
0.041079
0.027563
0.018494
0.012409
0.008326
0.005586
0.003748
0.002515
0.001688
0.382067
0.145976
0.055773
0.021309
0.008141
0.003111
0.001188
0.000454
0.000173
0.000066
0.000025
0.000010
0.000004
0.000001
0.000001
0.000000
0.514157
0.264357
0.135921
0.069885
0.035932
0.018475
0.009499
0.004884
0.002511
0.001291
0.000664
0.000341
0.000175
0.000090
0.000046
0.000024
0.588818
0.346706
0.204147
0.120205
0.070779
0.041676
0.024540
0.014449
0.008508
0.005010
0.002950
0.001737
0.001023
0.000602
0.000355
0.000209
0.311900
0.097282
0.030342
0.009464
0.002952
0.000921
0.000287
0.000090
0.000028
0.000009
0.000003
0.000001
0.000000
0.000000
0.000000
0.000000
0.532819
0.283896
0.151265
0.080597
0.042944
0.022881
0.012192
0.006496
0.003461
0.001844
0.000983
0.000524
0.000279
0.000149
0.000079
0.000042
0.677234
0.458646
0.310610
0.210356
0.142460
0.096479
0.065339
0.044250
0.029967
0.020295
0.013744
0.009308
0.006304
0.004269
0.002891
0.001958
0.520590
0.271014
0.141087
0.073449
0.038237
0.019906
0.010363
0.005395
0.002808
0.001462
0.000761
0.000396
0.000206
0.000107
0.000056
0.000029
0.599111
0.358934
0.215041
0.128833
0.077185
0.046243
0.027704
0.016598
0.009944
0.005958
0.003569
0.002138
0.001281
0.000768
0.000460
0.000275
0.582342
0.339122
0.197485
0.115004
0.066972
0.039000
0.022712
0.013226
0.007702
0.004485
0.002612
0.001521
0.000886
0.000516
0.000300
0.000175
0.696630
0.485293
0.338070
0.235510
0.164063
0.114291
0.079619
0.055465
0.038638
0.026917
0.018751
0.013063
0.009100
0.006339
0.004416
0.003076
0.317052
0.100522
0.031871
0.010105
0.003204
0.001016
0.000322
0.000102
0.000032
0.000010
0.000003
0.000001
0.000000
0.000000
0.000000
0.000000
0.288790
0.083400
0.024085
0.006956
0.002009
0.000580
0.000168
0.000048
0.000014
0.000004
0.000001
0.000000
0.000000
0.000000
0.000000
0.000000
0.680291
0.462795
0.314835
0.214179
0.145704
0.099121
0.067431
0.045873
0.031207
0.021230
0.014442
0.009825
0.006684
0.004547
0.003093
0.002104
0.351975
0.123886
0.043605
0.015348
0.005402
0.001901
0.000669
0.000236
0.000083
0.000029
0.000010
0.000004
0.000001
0.000000
0.000000
0.000000
0.482737
0.233035
0.112495
0.054305
0.026215
0.012655
0.006109
0.002949
0.001424
0.000687
0.000332
0.000160
0.000077
0.000037
0.000018
0.000009
0.735676
0.541220
0.398162
0.292919
0.215493
0.158533
0.116629
0.085801
0.063122
0.046437
0.034163
0.025133
0.018490
0.013602
0.010007
0.007362
0.406263
0.165050
0.067054
0.027241
0.011067
0.004496
0.001827
0.000742
0.000301
0.000122
0.000050
0.000020
0.000008
0.000003
0.000001
0.000001
0.631280
0.398515
0.251575
0.158814
0.100256
0.063290
0.039954
0.025222
0.015922
0.010051
0.006345
0.004006
0.002529
0.001596
0.001008
0.000636
0.580105
0.336522
0.195218
0.113247
0.065695
0.038110
0.022108
0.012825
0.007440
0.004316
0.002504
0.001452
0.000843
0.000489
0.000284
0.000164
0.612270
0.374875
0.229525
0.140531
0.086043
0.052682
0.032255
0.019749
0.012092
0.007403
0.004533
0.002775
0.001699
0.001040
0.000637
0.000390
0.264356
0.069884
0.018474
0.004884
0.001291
0.000341
0.000090
0.000024
0.000006
0.000002
0.000000
0.000000
0.000000
0.000000
0.000000
0.000000
0.328769
0.108089
0.035536
0.011683
0.003841
0.001263
0.000415
0.000136
0.000045
0.000015
0.000005
0.000002
0.000001
0.000000
0.000000
0.000000
0.606548
0.367900
0.223149
0.135351
0.082097
0.049796
0.030203
0.018320
0.011112
0.006740
0.004088
0.002480
0.001504
0.000912
0.000553
0.000336
0.564659
0.318840
0.180036
0.101659
0.057402
0.032413
0.018302
0.010334
0.005835
0.003295
0.001861
0.001051
0.000593
0.000335
0.000189
0.000107
0.420469
0.176795
0.074337
0.031256
0.013142
0.005526
0.002323
0.000977
0.000411
0.000173
0.000073
0.000031
0.000013
0.000005
0.000002
0.000001
0.422261
0.178304
0.075291
0.031792
0.013425
0.005669
0.002394
0.001011
0.000427
0.000180
0.000076
0.000032
0.000014
0.000006
0.000002
0.000001
0.585981
0.343374
0.201211
0.117906
0.069091
0.040486
0.023724
0.013902
0.008146
0.004774
0.002797
0.001639
0.000960
0.000563
0.000330
0.000193
0.370333
0.137146
0.050790
0.018809
0.006966
0.002580
0.000955
0.000354
0.000131
0.000049
0.000018
0.000007
0.000002
0.000001
0.000000
0.000000
0.472356
0.223120
0.105392
0.049783
0.023515
0.011108
0.005247
0.002478
0.001171
0.000553
0.000261
0.000123
0.000058
0.000028
0.000013
0.000006
0.340445
0.115903
0.039458
0.013433
0.004573
0.001557
0.000530
0.000180
0.000061
0.000021
0.000007
0.000002
0.000001
0.000000
0.000000
0.000000
0.638777
0.408036
0.260644
0.166493
0.106352
0.067935
0.043395
0.027720
0.017707
0.011311
0.007225
0.004615
0.002948
0.001883
0.001203
0.000768
0.676172
0.457209
0.309152
0.209040
0.141347
0.095575
0.064625
0.043698
0.029547
0.019979
0.013509
0.009135
0.006177
0.004176
0.002824
0.001909
0.380746
0.144968
0.055196
0.021016
0.008002
0.003047
0.001160
0.000442
0.000168
0.000064
0.000024
0.000009
0.000004
0.000001
0.000001
0.000000
0.515714
0.265961
0.137160
0.070735
0.036479
0.018813
0.009702
0.005003
0.002580
0.001331
0.000686
0.000354
0.000183
0.000094
0.000049
0.000025
0.582235
0.338997
0.197376
0.114919
0.066910
0.038957
0.022682
0.013206
0.007689
0.004477
0.002607
0.001518
0.000884
0.000514
0.000300
0.000174
0.311415
0.096980
0.030201
0.009405
0.002929
0.000912
0.000284
0.000088
0.000028
0.000009
0.000003
0.000001
0.000000
0.000000
0.000000
0.000000
0.534600
0.285797
0.152787
0.081680
0.043666
0.023344
0.012480
0.006672
0.003567
0.001907
0.001019
0.000545
0.000291
0.000156
0.000083
0.000045
0.682872
0.466314
0.318432
0.217448
0.148489
0.101399
0.069243
0.047284
0.032289
0.022049
0.015057
0.010282
0.007021
0.004795
0.003274
0.002236
0.515262
0.265495
0.136799
0.070488
0.036320
0.018714
0.009643
0.004968
0.002560
0.001319
0.000680
0.000350
0.000180
0.000093
0.000048
0.000025
0.593871
0.352682
0.209448
0.124385
0.073868
0.043868
0.026052
0.015472
0.009188
0.005457
0.003240
0.001924
0.001143
0.000679
0.000403
0.000239
0.581226
0.337823
0.196352
0.114125
0.066332
0.038554
0.022409
0.013024
0.007570
0.004400
0.002557
0.001486
0.000864
0.000502
0.000292
0.000170
0.697234
0.486135
0.338950
0.236327
0.164775
0.114887
0.080103
0.055850
0.038941
0.027151
0.018930
0.013199
0.009203
0.006416
0.004474
0.003119
0.319423
0.102031
0.032591
0.010410
0.003325
0.001062
0.000339
0.000108
0.000035
0.000011
0.000004
0.000001
0.000000
0.000000
0.000000
0.000000
0.287240
0.082507
0.023699
0.006807
0.001955
0.000562
0.000161
0.000046
0.000013
0.000004
0.000001
0.000000
0.000000
0.000000
0.000000
0.000000
0.673444
0.453527
0.305425
0.205687
0.138518
0.093284
0.062822
0.042307
0.028491
0.019187
0.012922
0.008702
0.005860
0.003947
0.002658
0.001790
0.353202
0.124751
0.044062
0.015563
0.005497
0.001941
0.000686
0.000242
0.000086
0.000030
0.000011
0.000004
0.000001
0.000000
0.000000
0.000000
0.478069
0.228550
0.109263
0.052235
0.024972
0.011938
0.005707
0.002729
0.001304
0.000624
0.000298
0.000143
0.000068
0.000033
0.000016
0.000007
0.723883
0.524006
0.379319
0.274582
0.198765
0.143883
0.104154
0.075395
0.054577
0.039508
0.028599
0.020702
0.014986
0.010848
0.007853
0.005684
0.431761
0.186418
0.080488
0.034751
0.015004
0.006478
0.002797
0.001208
0.000521
0.000225
0.000097
0.000042
0.000018
0.000008
0.000003
0.000001
0.609570
0.371576
0.226502
0.138069
0.084163
0.051303
0.031273
0.019063
0.011620
0.007083
0.004318
0.002632
0.001604
0.000978
0.000596
0.000363
0.562309
0.316191
0.177797
0.099977
0.056218
0.031612
0.017776
0.009995
0.005620
0.003160
0.001777
0.000999
0.000562
0.000316
0.000178
0.000100
0.626881
0.392980
0.246352
0.154433
0.096811
0.060689
0.038045
0.023850
0.014951
0.009372
0.005875
0.003683
0.002309
0.001447
0.000907
0.000569
0.280644
0.078761
0.022104
0.006203
0.001741
0.000489
0.000137
0.000038
0.000011
0.000003
0.000001
0.000000
0.000000
0.000000
0.000000
0.000000
0.334907
0.112163
0.037564
0.012581
0.004213
0.001411
0.000473
0.000158
0.000053
0.000018
0.000006
0.000002
0.000001
0.000000
0.000000
0.000000
0.606109
0.367368
0.222665
0.134959
0.081800
0.049580
0.030051
0.018214
0.011040
0.006691
0.004056
0.002458
0.001490
0.000903
0.000547
0.000332
0.561580
0.315372
0.177106
0.099459
0.055854
0.031367
0.017615
0.009892
0.005555
0.003120
0.001752
0.000984
0.000553
0.000310
0.000174
0.000098
0.423816
0.179620
0.076126
0.032263
0.013674
0.005795
0.002456
0.001041
0.000441
0.000187
0.000079
0.000034
0.000014
0.000006
0.000003
0.000001
0.409386
0.167597
0.068612
0.028089
0.011499
0.004708
0.001927
0.000789
0.000323
0.000132
0.000054
0.000022
0.000009
0.000004
0.000002
0.000001
0.611002
0.373323
0.228101
0.139370
0.085155
0.052030
0.031790
0.019424
0.011868
0.007251
0.004431
0.002707
0.001654
0.001011
0.000617
0.000377
0.395182
0.156169
0.061715
0.024389
0.009638
0.003809
0.001505
0.000595
0.000235
0.000093
0.000037
0.000015
0.000006
0.000002
0.000001
0.000000
0.462208
0.213636
0.098744
0.045640
0.021095
0.009750
0.004507
0.002083
0.000963
0.000445
0.000206
0.000095
0.000044
0.000020
0.000009
0.000004
0.357054
0.127488
0.045520
0.016253
0.005803
0.002072
0.000740
0.000264
0.000094
0.000034
0.000012
0.000004
0.000002
0.000001
0.000000
0.000000
0.632979
0.400663
0.253611
0.160531
0.101613
0.064319
0.040712
0.025770
0.016312
0.010325
0.006536
0.004137
0.002619
0.001658
0.001049
0.000664
0.659220
0.434571
0.286478
0.188852
0.124495
0.082069
0.054102
0.035665
0.023511
0.015499
0.010217
0.006735
0.004440
0.002927
0.001930
0.001272
0.385019
0.148240
0.057075
0.021975
0.008461
0.003258
0.001254
0.000483
0.000186
0.000072
0.000028
0.000011
0.000004
0.000002
0.000001
0.000000
0.510684
0.260798
0.133186
0.068016
0.034735
0.017738
0.009059
0.004626
0.002363
0.001206
0.000616
0.000315
0.000161
0.000082
0.000042
0.000021
0.603377
0.364064
0.219668
0.132543
0.079973
0.048254
0.029115
0.017568
0.010600
0.006396
0.003859
0.002328
0.001405
0.000848
0.000511
0.000309
0.312983
0.097958
0.030659
0.009596
0.003003
0.000940
0.000294
0.000092
0.000029
0.000009
0.000003
0.000001
0.000000
0.000000
0.000000
0.000000
0.528846
0.279678
0.147907
0.078220
0.041366
0.021876
0.011569
0.006118
0.003236
0.001711
0.000905
0.000479
0.000253
0.000134
0.000071
0.000037
0.664479
0.441532
0.293389
0.194951
0.129541
0.086077
0.057196
0.038006
0.025254
0.016781
0.011151
0.007409
0.004923
0.003271
0.002174
0.001444
0.532450
0.283503
0.150951
0.080374
0.042795
0.022786
0.012133
0.006460
0.003440
0.001831
0.000975
0.000519
0.000276
0.000147
0.000078
0.000042
0.610710
0.372967
0.227775
0.139105
0.084953
0.051881
0.031685
0.019350
0.011817
0.007217
0.004407
0.002692
0.001644
0.001004
0.000613
0.000374
0.584828
0.342023
0.200025
0.116980
0.068413
0.040010
0.023399
0.013684
0.008003
0.004680
0.002737
0.001601
0.000936
0.000548
0.000320
0.000187
0.695282
0.483417
0.336111
0.233692
0.162482
0.112971
0.078546
0.054612
0.037971
0.026400
0.018356
0.012762
0.008873
0.006170
0.004290
0.002982
0.311800
0.097219
0.030313
0.009452
0.002947
0.000919
0.000287
0.000089
0.000028
0.000009
0.000003
0.000001
0.000000
0.000000
0.000000
0.000000
0.292265
0.085419
0.024965
0.007296
0.002132
0.000623
0.000182
0.000053
0.000016
0.000005
0.000001
0.000000
0.000000
0.000000
0.000000
0.000000
0.695275
0.483407
0.336101
0.233682
0.162474
0.112964
0.078541
0.054607
0.037967
0.026398
0.018354
0.012761
0.008872
0.006169
0.004289
0.002982
0.349247
0.121973
0.042599
0.014877
0.005196
0.001815
0.000634
0.000221
0.000077
0.000027
0.000009
0.000003
0.000001
0.000000
0.000000
0.000000
