0.479698
0.230110
0.110383
0.052951
0.025400
0.012184
0.005845
0.002804
0.001345
0.000645
0.000309
0.000148
0.000071
0.000034
0.000016
0.000008
0.728036
0.530036
0.385885
0.280938
0.204533
0.148907
0.108410
0.078926
0.057461
0.041834
0.030457
0.022173
0.016143
0.011753
0.008556
0.006229
0.422813
0.178771
0.075586
0.031959
0.013513
0.005713
0.002416
0.001021
0.000432
0.000183
0.000077
0.000033
0.000014
0.000006
0.000002
0.000001
0.617202
0.380939
0.235116
0.145114
0.089565
0.055280
0.034119
0.021058
0.012997
0.008022
0.004951
0.003056
0.001886
0.001164
0.000718
0.000443
0.568541
0.323239
0.183774
0.104483
0.059403
0.033773
0.019201
0.010917
0.006207
0.003529
0.002006
0.001141
0.000648
0.000369
0.000210
0.000119
0.621806
0.386643
0.240417
0.149493
0.092955
0.057800
0.035941
0.022348
0.013896
0.008641
0.005373
0.003341
0.002077
0.001292
0.000803
0.000499
0.274890
0.075564
0.020772
0.005710
0.001570
0.000431
0.000119
0.000033
0.000009
0.000002
0.000001
0.000000
0.000000
0.000000
0.000000
0.000000
0.332758
0.110728
0.036846
0.012261
0.004080
0.001358
0.000452
0.000150
0.000050
0.000017
0.000006
0.000002
0.000001
0.000000
0.000000
0.000000
0.606262
0.367554
0.222834
0.135096
0.081903
0.049655
0.030104
0.018251
0.011065
0.006708
0.004067
0.002466
0.001495
0.000906
0.000549
0.000333
0.562655
0.316581
0.178126
0.100223
0.056391
0.031729
0.017852
0.010045
0.005652
0.003180
0.001789
0.001007
0.000566
0.000319
0.000179
0.000101
0.422647
0.178631
0.075498
0.031909
0.013486
0.005700
0.002409
0.001018
0.000430
0.000182
0.000077
0.000032
0.000014
0.000006
0.000002
0.000001
0.413867
0.171286
0.070889
0.029339
0.012142
0.005025
0.002080
0.000861
0.000356
0.000147
0.000061
0.000025
0.000010
0.000004
0.000002
0.000001
0.602328
0.362799
0.218524
0.131623
0.079280
0.047753
0.028763
0.017325
0.010435
0.006285
0.003786
0.002280
0.001373
0.000827
0.000498
0.000300
0.386440
0.149336
0.057709
0.022301
0.008618
0.003330
0.001287
0.000497
0.000192
0.000074
0.000029
0.000011
0.000004
0.000002
0.000001
0.000000
0.465747
0.216920
0.101030
0.047054
0.021915
0.010207
0.004754
0.002214
0.001031
0.000480
0.000224
0.000104
0.000049
0.000023
0.000011
0.000005
0.351215
0.123352
0.043323
0.015216
0.005344
0.001877
0.000659
0.000232
0.000081
0.000029
0.000010
0.000004
0.000001
0.000000
0.000000
0.000000
0.635007
0.403234
0.256057
0.162598
0.103251
0.065565
0.041634
0.026438
0.016788
0.010661
0.006770
0.004299
0.002730
0.001733
0.001101
0.000699
0.665186
0.442472
0.294327
0.195782
0.130231
0.086628
0.057624
0.038331
0.025497
0.016960
0.011282
0.007504
0.004992
0.003321
0.002209
0.001469
0.383526
0.147092
0.056414
0.021636
0.008298
0.003182
0.001221
0.000468
0.000180
0.000069
0.000026
0.000010
0.000004
0.000001
0.000001
0.000000
0.512440
0.262595
0.134564
0.068956
0.035336
0.018108
0.009279
0.004755
0.002437
0.001249
0.000640
0.000328
0.000168
0.000086
0.000044
0.000023
0.596037
0.355260
0.211748
0.126210
0.075226
0.044837
0.026725
0.015929
0.009494
0.005659
0.003373
0.002010
0.001198
0.000714
0.000426
0.000254
0.312435
0.097616
0.030499
0.009529
0.002977
0.000930
0.000291
0.000091
0.000028
0.000009
0.000003
0.000001
0.000000
0.000000
0.000000
0.000000
0.530855
0.281807
0.149599
0.079415
0.042158
0.022380
0.011880
0.006307
0.003348
0.001777
0.000943
0.000501
0.000266
0.000141
0.000075
0.000040
0.670959
0.450186
0.302057
0.202668
0.135982
0.091238
0.061217
0.041074
0.027559
0.018491
0.012407
0.008324
0.005585
0.003748
0.002514
0.001687
0.526457
0.277157
0.145911
0.076816
0.040440
0.021290
0.011208
0.005901
0.003106
0.001635
0.000861
0.000453
0.000239
0.000126
0.000066
0.000035
0.604860
0.365856
0.221292
0.133851
0.080961
0.048970
0.029620
0.017916
0.010837
0.006555
0.003965
0.002398
0.001450
0.000877
0.000531
0.000321
0.583571
0.340556
0.198739
0.115978
0.067681
0.039497
0.023049
0.013451
0.007850
0.004581
0.002673
0.001560
0.000910
0.000531
0.000310
0.000181
0.695964
0.484366
0.337101
0.234610
0.163280
0.113637
0.079087
0.055042
0.038307
0.026660
0.018555
0.012913
0.008987
0.006255
0.004353
0.003030
0.314450
0.098879
0.031092
0.009777
0.003074
0.000967
0.000304
0.000096
0.000030
0.000009
0.000003
0.000001
0.000000
0.000000
0.000000
0.000000
0.290505
0.084393
0.024517
0.007122
0.002069
0.000601
0.000175
0.000051
0.000015
0.000004
0.000001
0.000000
0.000000
0.000000
0.000000
0.000000
0.687748
0.472997
0.325303
0.223726
0.153867
0.105822
0.072779
0.050053
0.034424
0.023675
0.016283
0.011198
0.007702
0.005297
0.003643
0.002505
0.350625
0.122938
0.043105
0.015114
0.005299
0.001858
0.000651
0.000228
0.000080
0.000028
0.000010
0.000003
0.000001
0.000000
0.000000
0.000000
0.481291
0.231641
0.111487
0.053658
0.025825
0.012429
0.005982
0.002879
0.001386
0.000667
0.000321
0.000154
0.000074
0.000036
0.000017
0.000008
0.732059
0.535910
0.392318
0.287200
0.210247
0.153913
0.112674
0.082484
0.060383
0.044204
0.032360
0.023689
0.017342
0.012695
0.009294
0.006804
0.414111
0.171488
0.071015
0.029408
0.012178
0.005043
0.002088
0.000865
0.000358
0.000148
0.000061
0.000025
0.000011
0.000004
0.000002
0.000001
0.624610
0.390138
0.243684
0.152207
0.095070
0.059382
0.037090
0.023167
0.014470
0.009038
0.005645
0.003526
0.002203
0.001376
0.000859
0.000537
0.574614
0.330182
0.189727
0.109020
0.062644
0.035996
0.020684
0.011885
0.006829
0.003924
0.002255
0.001296
0.000745
0.000428
0.000246
0.000141
0.616817
0.380464
0.234677
0.144753
0.089286
0.055073
0.033970
0.020953
0.012924
0.007972
0.004917
0.003033
0.001871
0.001154
0.000712
0.000439
0.269334
0.072541
0.019538
0.005262
0.001417
0.000382
0.000103
0.000028
0.000007
0.000002
0.000001
0.000000
0.000000
0.000000
0.000000
0.000000
0.330663
0.109338
0.036154
0.011955
0.003953
0.001307
0.000432
0.000143
0.000047
0.000016
0.000005
0.000002
0.000001
0.000000
0.000000
0.000000
0.606412
0.367735
0.222999
0.135229
0.082005
0.049729
0.030156
0.018287
0.011089
0.006725
0.004078
0.002473
0.001500
0.000909
0.000551
0.000334
0.563706
0.317764
0.179126
0.100974
0.056920
0.032086
0.018087
0.010196
0.005747
0.003240
0.001826
0.001030
0.000580
0.000327
0.000184
0.000104
0.421505
0.177667
0.074887
0.031565
0.013305
0.005608
0.002364
0.000996
0.000420
0.000177
0.000075
0.000031
0.000013
0.000006
0.000002
0.000001
0.418262
0.174943
0.073172
0.030605
0.012801
0.005354
0.002239
0.000937
0.000392
0.000164
0.000069
0.000029
0.000012
0.000005
0.000002
0.000001
0.593783
0.352578
0.209355
0.124311
0.073814
0.043829
0.026025
0.015453
0.009176
0.005449
0.003235
0.001921
0.001141
0.000677
0.000402
0.000239
0.377961
0.142855
0.053994
0.020407
0.007713
0.002915
0.001102
0.000416
0.000157
0.000059
0.000022
0.000008
0.000003
0.000001
0.000000
0.000000
0.469211
0.220159
0.103301
0.048470
0.022743
0.010671
0.005007
0.002349
0.001102
0.000517
0.000243
0.000114
0.000053
0.000025
0.000012
0.000006
0.345548
0.119404
0.041260
0.014257
0.004927
0.001702
0.000588
0.000203
0.000070
0.000024
0.000008
0.000003
0.000001
0.000000
0.000000
0.000000
0.636986
0.405751
0.258458
0.164634
0.104869
0.066800
0.042551
0.027104
0.017265
0.010998
0.007005
0.004462
0.002842
0.001811
0.001153
0.000735
0.670970
0.450200
0.302071
0.202680
0.135992
0.091247
0.061224
0.041079
0.027563
0.018494
0.012409
0.008326
0.005586
0.003748
0.002515
0.001688
0.382067
0.145976
0.055773
0.021309
0.008141
0.003111
0.001188
0.000454
0.000173
0.000066
0.000025
0.000010
0.000004
0.000001
0.000001
0.000000
0.514157
0.264357
0.135921
0.069885
0.035932
0.018475
0.009499
0.004884
0.002511
0.001291
0.000664
0.000341
0.000175
0.000090
0.000046
0.000024
0.588818
0.346706
0.204147
0.120205
0.070779
0.041676
0.024540
0.014449
0.008508
0.005010
0.002950
0.001737
0.001023
0.000602
0.000355
0.000209
0.311900
0.097282
0.030342
0.009464
0.002952
0.000921
0.000287
0.000090
0.000028
0.000009
0.000003
0.000001
0.000000
0.000000
0.000000
0.000000
0.532819
0.283896
0.151265
0.080597
0.042944
0.022881
0.012192
0.006496
0.003461
0.001844
0.000983
0.000524
0.000279
0.000149
0.000079
0.000042
0.677234
0.458646
0.310610
0.210356
0.142460
0.096479
0.065339
0.044250
0.029967
0.020295
0.013744
0.009308
0.006304
0.004269
0.002891
0.001958
0.520590
0.271014
0.141087
0.073449
0.038237
0.019906
0.010363
0.005395
0.002808
0.001462
0.000761
0.000396
0.000206
0.000107
0.000056
0.000029
0.599111
0.358934
0.215041
0.128833
0.077185
0.046243
0.027704
0.016598
0.009944
0.005958
0.003569
0.002138
0.001281
0.000768
0.000460
0.000275
0.582342
0.339122
0.197485
0.115004
0.066972
0.039000
0.022712
0.013226
0.007702
0.004485
0.002612
0.001521
0.000886
0.000516
0.000300
0.000175
0.696630
0.485293
0.338070
0.235510
0.164063
0.114291
0.079619
0.055465
0.038638
0.026917
0.018751
0.013063
0.009100
0.006339
0.004416
0.003076
0.317052
0.100522
0.031871
0.010105
0.003204
0.001016
0.000322
0.000102
0.000032
0.000010
0.000003
0.000001
0.000000
0.000000
0.000000
0.000000
0.288790
0.083400
0.024085
0.006956
0.002009
0.000580
0.000168
0.000048
0.000014
0.000004
0.000001
0.000000
0.000000
0.000000
0.000000
0.000000
0.680291
0.462795
0.314835
0.214179
0.145704
0.099121
0.067431
0.045873
0.031207
0.021230
0.014442
0.009825
0.006684
0.004547
0.003093
0.002104
0.351975
0.123886
0.043605
0.015348
0.005402
0.001901
0.000669
0.000236
0.000083
0.000029
0.000010
0.000004
0.000001
0.000000
0.000000
0.000000
0.484760
0.234992
0.113915
0.055221
0.026769
0.012977
0.006291
0.003049
0.001478
0.000717
0.000347
0.000168
0.000082
0.000040
0.000019
0.000009
0.740683
0.548612
0.406347
0.300975
0.222927
0.165118
0.122300
0.090586
0.067095
0.049696
0.036809
0.027264
0.020194
0.014957
0.011079
0.008206
0.395366
0.156314
0.061801
0.024434
0.009660
0.003819
0.001510
0.000597
0.000236
0.000093
0.000037
0.000015
0.000006
0.000002
0.000001
0.000000
0.640527
0.410275
0.262792
0.168325
0.107817
0.069060
0.044235
0.028333
0.018148
0.011625
0.007446
0.004769
0.003055
0.001957
0.001253
0.000803
0.587752
0.345452
0.203040
0.119337
0.070141
0.041225
0.024230
0.014241
0.008370
0.004920
0.002892
0.001700
0.000999
0.000587
0.000345
0.000203
0.605877
0.367086
0.222409
0.134752
0.081643
0.049466
0.029970
0.018158
0.011002
0.006666
0.004039
0.002447
0.001482
0.000898
0.000544
0.000330
0.257492
0.066302
0.017072
0.004396
0.001132
0.000291
0.000075
0.000019
0.000005
0.000001
0.000000
0.000000
0.000000
0.000000
0.000000
0.000000
0.326128
0.106359
0.034687
0.011312
0.003689
0.001203
0.000392
0.000128
0.000042
0.000014
0.000004
0.000001
0.000000
0.000000
0.000000
0.000000
0.606738
0.368131
0.223359
0.135521
0.082225
0.049889
0.030270
0.018366
0.011143
0.006761
0.004102
0.002489
0.001510
0.000916
0.000556
0.000337
0.565991
0.320346
0.181313
0.102621
0.058083
0.032874
0.018607
0.010531
0.005961
0.003374
0.001909
0.001081
0.000612
0.000346
0.000196
0.000111
0.419022
0.175579
0.073572
0.030828
0.012918
0.005413
0.002268
0.000950
0.000398
0.000167
0.000070
0.000029
0.000012
0.000005
0.000002
0.000001
0.427871
0.183074
0.078332
0.033516
0.014341
0.006136
0.002625
0.001123
0.000481
0.000206
0.000088
0.000038
0.000016
0.000007
0.000003
0.000001
0.574996
0.330621
0.190106
0.109310
0.062853
0.036140
0.020780
0.011949
0.006870
0.003950
0.002272
0.001306
0.000751
0.000432
0.000248
0.000143
0.359771
0.129435
0.046567
0.016753
0.006027
0.002168
0.000780
0.000281
0.000101
0.000036
0.000013
0.000005
0.000002
0.000001
0.000000
0.000000
0.476759
0.227299
0.108367
0.051665
0.024632
0.011743
0.005599
0.002669
0.001273
0.000607
0.000289
0.000138
0.000066
0.000031
0.000015
0.000007
0.333367
0.111134
0.037048
0.012351
0.004117
0.001373
0.000458
0.000153
0.000051
0.000017
0.000006
0.000002
0.000001
0.000000
0.000000
0.000000
0.641275
0.411234
0.263714
0.169114
0.108448
0.069545
0.044598
0.028599
0.018340
0.011761
0.007542
0.004837
0.003102
0.001989
0.001275
0.000818
0.683377
0.467004
0.319140
0.218093
0.149040
0.101850
0.069602
0.047565
0.032505
0.022213
0.015180
0.010373
0.007089
0.004844
0.003311
0.002262
0.378901
0.143566
0.054397
0.020611
0.007810
0.002959
0.001121
0.000425
0.000161
0.000061
0.000023
0.000009
0.000003
0.000001
0.000000
0.000000
0.517892
0.268212
0.138905
0.071938
0.037256
0.019295
0.009992
0.005175
0.002680
0.001388
0.000719
0.000372
0.000193
0.000100
0.000052
0.000027
0.572978
0.328303
0.188110
0.107783
0.061757
0.035386
0.020275
0.011617
0.006656
0.003814
0.002185
0.001252
0.000717
0.000411
0.000236
0.000135
0.310738
0.096558
0.030004
0.009323
0.002897
0.000900
0.000280
0.000087
0.000027
0.000008
0.000003
0.000001
0.000000
0.000000
0.000000
0.000000
0.537089
0.288464
0.154931
0.083212
0.044692
0.024004
0.012892
0.006924
0.003719
0.001997
0.001073
0.000576
0.000309
0.000166
0.000089
0.000048
0.690668
0.477023
0.329464
0.227550
0.157162
0.108547
0.074970
0.051779
0.035762
0.024700
0.017059
0.011782
0.008138
0.005620
0.003882
0.002681
0.507804
0.257865
0.130945
0.066494
0.033766
0.017146
0.008707
0.004421
0.002245
0.001140
0.000579
0.000294
0.000149
0.000076
0.000038
0.000020
0.586505
0.343988
0.201751
0.118328
0.069400
0.040703
0.023873
0.014001
0.008212
0.004816
0.002825
0.001657
0.000972
0.000570
0.000334
0.000196
0.579663
0.336009
0.194772
0.112902
0.065445
0.037936
0.021990
0.012747
0.007389
0.004283
0.002483
0.001439
0.000834
0.000484
0.000280
0.000162
0.698077
0.487311
0.340181
0.237472
0.165774
0.115723
0.080783
0.056393
0.039367
0.027481
0.019184
0.013392
0.009349
0.006526
0.004556
0.003180
0.322755
0.104171
0.033622
0.010852
0.003502
0.001130
0.000365
0.000118
0.000038
0.000012
0.000004
0.000001
0.000000
0.000000
0.000000
0.000000
0.285079
0.081270
0.023168
0.006605
0.001883
0.000537
0.000153
0.000044
0.000012
0.000004
0.000001
0.000000
0.000000
0.000000
0.000000
0.000000
0.663742
0.440554
0.292414
0.194088
0.128824
0.085506
0.056754
0.037670
0.025003
0.016596
0.011015
0.007311
0.004853
0.003221
0.002138
0.001419
0.354921
0.125969
0.044709
0.015868
0.005632
0.001999
0.000709
0.000252
0.000089
0.000032
0.000011
0.000004
0.000001
0.000001
0.000000
0.000000
0.474236
0.224900
0.106656
0.050580
0.023987
0.011375
0.005395
0.002558
0.001213
0.000575
0.000273
0.000129
0.000061
0.000029
0.000014
0.000007
0.713952
0.509728
0.363921
0.259823
0.185501
0.132439
0.094555
0.067508
0.048197
0.034411
0.024568
0.017540
0.012523
0.008941
0.006383
0.004557
0.452992
0.205202
0.092955
0.042108
0.019074
0.008641
0.003914
0.001773
0.000803
0.000364
0.000165
0.000075
0.000034
0.000015
0.000007
0.000003
0.591397
0.349750
0.206841
0.122325
0.072343
0.042783
0.025302
0.014963
0.008849
0.005233
0.003095
0.001830
0.001083
0.000640
0.000379
0.000224
0.547563
0.299825
0.164173
0.089895
0.049223
0.026953
0.014758
0.008081
0.004425
0.002423
0.001327
0.000726
0.000398
0.000218
0.000119
0.000065
0.638717
0.407959
0.260571
0.166431
0.106302
0.067897
0.043367
0.027699
0.017692
0.011300
0.007218
0.004610
0.002944
0.001881
0.001201
0.000767
0.294475
0.086716
0.025536
0.007520
0.002214
0.000652
0.000192
0.000057
0.000017
0.000005
0.000001
0.000000
0.000000
0.000000
0.000000
0.000000
0.339993
0.115596
0.039302
0.013362
0.004543
0.001545
0.000525
0.000179
0.000061
0.000021
0.000007
0.000002
0.000001
0.000000
0.000000
0.000000
0.605748
0.366930
0.222267
0.134638
0.081556
0.049403
0.029925
0.018127
0.010981
0.006651
0.004029
0.002441
0.001478
0.000896
0.000542
0.000329
0.559046
0.312533
0.174720
0.097677
0.054606
0.030527
0.017066
0.009541
0.005334
0.002982
0.001667
0.000932
0.000521
0.000291
0.000163
0.000091
0.426572
0.181963
0.077620
0.033111
0.014124
0.006025
0.002570
0.001096
0.000468
0.000199
0.000085
0.000036
0.000015
0.000007
0.000003
0.000001
0.398899
0.159120
0.063473
0.025319
0.010100
0.004029
0.001607
0.000641
0.000256
0.000102
0.000041
0.000016
0.000006
0.000003
0.000001
0.000000
0.631137
0.398334
0.251404
0.158670
0.100143
0.063204
0.039890
0.025176
0.015890
0.010029
0.006329
0.003995
0.002521
0.001591
0.001004
0.000634
0.416020
0.173073
0.072002
0.029954
0.012462
0.005184
0.002157
0.000897
0.000373
0.000155
0.000065
0.000027
0.000011
0.000005
0.000002
0.000001
0.453893
0.206019
0.093510
0.042444
0.019265
0.008744
0.003969
0.001801
0.000818
0.000371
0.000168
0.000076
0.000035
0.000016
0.000007
0.000003
0.370966
0.137616
0.051051
0.018938
0.007025
0.002606
0.000967
0.000359
0.000133
0.000049
0.000018
0.000007
0.000003
0.000001
0.000000
0.000000
0.628187
0.394619
0.247894
0.155724
0.097824
0.061452
0.038603
0.024250
0.015234
0.009569
0.006011
0.003776
0.002372
0.001490
0.000936
0.000588
0.644977
0.415995
0.268307
0.173052
0.111614
0.071989
0.046431
0.029947
0.019315
0.012458
0.008035
0.005182
0.003342
0.002156
0.001390
0.000897
0.388544
0.150966
0.058657
0.022791
0.008855
0.003441
0.001337
0.000519
0.000202
0.000078
0.000030
0.000012
0.000005
0.000002
0.000001
0.000000
0.506550
0.256593
0.129977
0.065840
0.033351
0.016894
0.008558
0.004335
0.002196
0.001112
0.000563
0.000285
0.000145
0.000073
0.000037
0.000019
0.620468
0.384981
0.238869
0.148210
0.091960
0.057058
0.035403
0.021966
0.013629
0.008457
0.005247
0.003256
0.002020
0.001253
0.000778
0.000483
0.314274
0.098768
0.031040
0.009755
0.003066
0.000964
0.000303
0.000095
0.000030
0.000009
0.000003
0.000001
0.000000
0.000000
0.000000
0.000000
0.524113
0.274695
0.143971
0.075457
0.039548
0.020728
0.010864
0.005694
0.002984
0.001564
0.000820
0.000430
0.000225
0.000118
0.000062
0.000032
0.648981
0.421176
0.273335
0.177389
0.115122
0.074712
0.048487
0.031467
0.020421
0.013253
0.008601
0.005582
0.003623
0.002351
0.001526
0.000990
0.546517
0.298680
0.163234
0.089210
0.048755
0.026645
0.014562
0.007958
0.004349
0.002377
0.001299
0.000710
0.000388
0.000212
0.000116
0.000063
0.624354
0.389818
0.243384
0.151958
0.094876
0.059236
0.036984
0.023091
0.014417
0.009001
0.005620
0.003509
0.002191
0.001368
0.000854
0.000533
0.587780
0.345486
0.203070
0.119361
0.070158
0.041237
0.024239
0.014247
0.008374
0.004922
0.002893
0.001701
0.001000
0.000588
0.000345
0.000203
0.693673
0.481182
0.333783
0.231536
0.160611
0.111411
0.077283
0.053609
0.037187
0.025796
0.017894
0.012412
0.008610
0.005973
0.004143
0.002874
0.305612
0.093399
0.028544
0.008723
0.002666
0.000815
0.000249
0.000076
0.000023
0.000007
0.000002
0.000001
0.000000
0.000000
0.000000
0.000000
0.296432
0.087872
0.026048
0.007721
0.002289
0.000678
0.000201
0.000060
0.000018
0.000005
0.000002
0.000000
0.000000
0.000000
0.000000
0.000000
0.712583
0.507774
0.361831
0.257835
0.183729
0.130922
0.093293
0.066479
0.047372
0.033756
0.024054
0.017141
0.012214
0.008704
0.006202
0.004419
0.346013
0.119725
0.041426
0.014334
0.004960
0.001716
0.000594
0.000205
0.000071
0.000025
0.000009
0.000003
0.000001
0.000000
0.000000
0.000000
