124
60
29
14
6
3
1
0
0
0
0
0
0
0
0
0
197
139
104
75
55
40
28
21
15
11
7
6
4
3
2
1
112
48
20
8
3
1
0
0
0
0
0
0
0
0
0
0
166
102
60
38
24
14
8
5
3
2
1
0
0
0
0
0
151
87
49
27
15
8
5
2
1
0
0
0
0
0
0
0
168
104
62
40
25
15
9
6
3
2
1
0
0
0
0
0
72
20
5
1
0
0
0
0
0
0
0
0
0
0
0
0
90
29
9
3
1
0
0
0
0
0
0
0
0
0
0
0
163
99
58
35
22
13
7
4
3
1
1
0
0
0
0
0
150
86
48
27
14
8
4
2
1
0
0
0
0
0
0
0
112
48
20
8
3
1
0
0
0
0
0
0
0
0
0
0
110
46
18
7
3
1
0
0
0
0
0
0
0
0
0
0
162
98
57
34
21
12
7
4
2
1
0
0
0
0
0
0
104
40
15
6
2
0
0
0
0
0
0
0
0
0
0
0
121
57
27
12
5
2
1
0
0
0
0
0
0
0
0
0
95
31
11
3
1
0
0
0
0
0
0
0
0
0
0
0
172
108
66
44
27
17
11
7
4
2
1
1
0
0
0
0
181
117
79
53
34
23
15
10
6
4
3
1
1
0
0
0
103
39
14
5
2
0
0
0
0
0
0
0
0
0
0
0
132
68
35
18
9
4
2
1
0
0
0
0
0
0
0
0
160
96
56
32
20
12
7
4
2
1
0
0
0
0
0
0
84
26
7
2
0
0
0
0
0
0
0
0
0
0
0
0
139
75
40
21
11
6
3
1
0
0
0
0
0
0
0
0
182
118
81
54
36
24
15
11
7
5
3
2
1
0
0
0
137
73
39
20
11
5
3
1
0
0
0
0
0
0
0
0
163
99
58
35
21
13
7
4
2
1
1
0
0
0
0
0
156
92
53
30
17
10
6
3
2
1
0
0
0
0
0
0
188
124
91
60
44
29
21
14
10
7
4
3
2
1
1
0
85
26
8
2
0
0
0
0
0
0
0
0
0
0
0
0
78
23
6
1
0
0
0
0
0
0
0
0
0
0
0
0
186
122
88
58
41
28
19
13
9
6
4
3
1
1
0
0
95
31
11
3
1
0
0
0
0
0
0
0
0
0
0
0
124
60
29
14
6
3
1
0
0
0
0
0
0
0
0
0
198
140
105
76
55
41
29
22
15
11
8
6
4
3
2
1
110
46
18
7
3
1
0
0
0
0
0
0
0
0
0
0
169
105
63
41
25
15
10
6
3
2
1
0
0
0
0
0
153
89
51
28
16
9
5
3
1
1
0
0
0
0
0
0
166
102
60
38
24
14
8
5
3
2
1
0
0
0
0
0
70
19
5
1
0
0
0
0
0
0
0
0
0
0
0
0
90
29
9
3
1
0
0
0
0
0
0
0
0
0
0
0
163
99
58
35
22
13
7
4
3
1
1
0
0
0
0
0
150
86
48
27
14
8
4
2
1
0
0
0
0
0
0
0
112
48
20
8
3
1
0
0
0
0
0
0
0
0
0
0
111
47
19
7
3
1
0
0
0
0
0
0
0
0
0
0
160
96
56
32
20
12
7
4
2
1
0
0
0
0
0
0
102
38
14
5
1
0
0
0
0
0
0
0
0
0
0
0
122
58
27
13
6
2
1
0
0
0
0
0
0
0
0
0
93
30
11
3
1
0
0
0
0
0
0
0
0
0
0
0
173
109
67
45
28
17
11
7
4
3
1
1
0
0
0
0
182
118
81
54
36
24
15
11
7
5
3
2
1
0
0
0
103
39
14
5
2
0
0
0
0
0
0
0
0
0
0
0
133
69
36
18
9
5
2
1
0
0
0
0
0
0
0
0
157
93
54
30
18
11
6
3
2
1
0
0
0
0
0
0
84
26
7
2
0
0
0
0
0
0
0
0
0
0
0
0
139
75
40
21
11
6
3
1
0
0
0
0
0
0
0
0
183
119
83
55
37
25
16
11
7
5
3
2
1
1
0
0
135
71
37
19
10
5
2
1
0
0
0
0
0
0
0
0
161
97
57
33
20
12
7
4
2
1
0
0
0
0
0
0
156
92
53
30
17
10
6
3
2
1
0
0
0
0
0
0
188
124
91
60
44
29
21
14
10
7
4
3
2
1
1
0
86
27
8
2
0
0
0
0
0
0
0
0
0
0
0
0
77
22
6
1
0
0
0
0
0
0
0
0
0
0
0
0
184
120
84
56
38
26
17
12
7
5
3
2
1
1
0
0
95
31
11
3
1
0
0
0
0
0
0
0
0
0
0
0
125
61
30
14
7
3
1
0
0
0
0
0
0
0
0
0
200
145
108
81
58
44
31
24
17
13
9
7
5
3
2
2
106
42
15
6
2
0
0
0
0
0
0
0
0
0
0
0
173
109
68
45
28
18
12
7
4
3
1
1
0
0
0
0
157
93
54
30
18
11
6
3
2
1
0
0
0
0
0
0
163
99
58
35
22
13
7
4
3
1
1
0
0
0
0
0
66
17
4
1
0
0
0
0
0
0
0
0
0
0
0
0
88
28
9
3
0
0
0
0
0
0
0
0
0
0
0
0
163
99
58
35
22
13
7
4
3
1
1
0
0
0
0
0
150
86
49
27
15
8
4
2
1
0
0
0
0
0
0
0
111
47
19
7
3
1
0
0
0
0
0
0
0
0
0
0
113
49
21
8
3
1
0
0
0
0
0
0
0
0
0
0
153
89
51
28
16
9
5
3
1
1
0
0
0
0
0
0
97
33
12
4
1
0
0
0
0
0
0
0
0
0
0
0
123
59
28
13
6
3
1
0
0
0
0
0
0
0
0
0
90
29
10
3
1
0
0
0
0
0
0
0
0
0
0
0
173
109
68
45
28
18
12
7
4
3
1
1
0
0
0
0
186
122
87
58
40
27
18
13
8
6
3
2
1
1
0
0
102
38
14
5
2
0
0
0
0
0
0
0
0
0
0
0
134
70
37
19
10
5
2
1
0
0
0
0
0
0
0
0
152
88
50
28
15
9
5
3
1
0
0
0
0
0
0
0
84
26
7
2
0
0
0
0
0
0
0
0
0
0
0
0
141
77
42
22
12
6
3
1
0
0
0
0
0
0
0
0
187
123
89
59
42
28
20
13
9
6
4
3
2
1
0
0
131
67
34
17
9
4
2
1
0
0
0
0
0
0
0
0
157
93
53
30
18
10
6
3
2
1
0
0
0
0
0
0
155
91
52
29
16
10
5
3
1
1
0
0
0
0
0
0
189
125
92
61
45
30
21
14
10
7
5
3
2
1
1
0
87
27
8
2
0
0
0
0
0
0
0
0
0
0
0
0
76
22
6
1
0
0
0
0
0
0
0
0
0
0
0
0
180
116
78
52
33
23
14
10
6
4
2
1
1
0
0
0
96
32
12
4
1
0
0
0
0
0
0
0
0
0
0
0
123
59
28
13
6
3
1
0
0
0
0
0
0
0
0
0
194
132
99
68
50
35
25
18
13
9
6
4
3
2
1
1
118
54
25
11
5
2
0
0
0
0
0
0
0
0
0
0
159
95
55
31
19
11
6
3
2
1
0
0
0
0
0
0
145
81
44
24
13
7
3
2
1
0
0
0
0
0
0
0
173
109
67
45
28
17
11
7
4
3
1
1
0
0
0
0
79
23
6
1
0
0
0
0
0
0
0
0
0
0
0
0
92
30
10
3
1
0
0
0
0
0
0
0
0
0
0
0
163
99
58
35
22
13
7
4
3
1
1
0
0
0
0
0
148
84
47
26
14
7
4
2
1
0
0
0
0
0
0
0
113
49
21
8
3
1
0
0
0
0
0
0
0
0
0
0
107
43
16
6
2
1
0
0
0
0
0
0
0
0
0
0
170
106
64
42
26
16
10
6
4
2
1
1
0
0
0
0
110
46
19
7
3
1
0
0
0
0
0
0
0
0
0
0
119
55
25
11
5
2
1
0
0
0
0
0
0
0
0
0
100
36
13
5
1
0
0
0
0
0
0
0
0
0
0
0
170
106
63
42
26
15
10
6
3
2
1
0
0
0
0
0
175
111
70
47
29
19
12
7
5
3
2
1
0
0
0
0
104
40
15
6
2
0
0
0
0
0
0
0
0
0
0
0
130
66
33
17
8
4
2
1
0
0
0
0
0
0
0
0
168
104
62
40
25
15
9
6
3
2
1
0
0
0
0
0
85
26
8
2
0
0
0
0
0
0
0
0
0
0
0
0
137
73
38
20
10
5
2
1
0
0
0
0
0
0
0
0
176
112
72
48
30
20
13
8
5
3
2
1
0
0
0
0
144
80
44
24
13
7
3
2
1
0
0
0
0
0
0
0
168
104
62
40
25
15
9
6
3
2
1
0
0
0
0
0
157
93
54
30
18
11
6
3
2
1
0
0
0
0
0
0
188
124
90
60
43
29
20
14
9
6
4
3
2
1
1
0
82
25
7
2
0
0
0
0
0
0
0
0
0
0
0
0
79
23
6
1
0
0
0
0
0
0
0
0
0
0
0
0
193
130
97
66
49
33
25
17
12
8
6
4
3
2
1
1
93
30
11
3
1
0
0
0
0
0
0
0
0
0
0
0
