-1.000000
-2.000000
-3.000000
-4.000000
-5.000000
-6.000000
-7.000000
-8.000000
-9.000000
-10.000000
-11.000001
-12.000000
-12.999999
-14.000001
-15.000001
-16.000000
-1.000000
-2.000000
-3.000000
-4.000000
-5.000000
-6.000000
-7.000000
-8.000000
-9.000000
-10.000000
-11.000001
-12.000000
-12.999999
-14.000001
-15.000001
-16.000000
-1.000000
-2.000000
-3.000000
-4.000000
-5.000000
-6.000000
-7.000000
-8.000000
-9.000000
-10.000000
-11.000001
-12.000000
-12.999999
-14.000001
-15.000001
-16.000000
-1.000000
-2.000000
-3.000000
-4.000000
-5.000000
-6.000000
-7.000000
-8.000000
-9.000000
-10.000000
-11.000001
-12.000000
-12.999999
-14.000001
-15.000001
-16.000000
-1.000000
-2.000000
-3.000000
-4.000000
-5.000000
-6.000000
-7.000000
-8.000000
-9.000000
-10.000000
-11.000001
-12.000000
-12.999999
-14.000001
-15.000001
-16.000000
-1.000000
-2.000000
-3.000000
-4.000000
-5.000000
-6.000000
-7.000000
-8.000000
-9.000000
-10.000000
-11.000001
-12.000000
-12.999999
-14.000001
-15.000001
-16.000000
-1.000000
-2.000000
-3.000000
-4.000000
-5.000000
-6.000000
-7.000000
-8.000000
-9.000000
-10.000000
-11.000001
-12.000000
-12.999999
-14.000001
-15.000001
-16.000000
-1.000000
-2.000000
-3.000000
-4.000000
-5.000000
-6.000000
-7.000000
-8.000000
-9.000000
-10.000000
-11.000001
-12.000000
-12.999999
-14.000001
-15.000001
-16.000000
-1.000000
-2.000000
-3.000000
-4.000000
-5.000000
-6.000000
-7.000000
-8.000000
-9.000000
-10.000000
-11.000001
-12.000000
-12.999999
-14.000001
-15.000001
-16.000000
-1.000000
-2.000000
-3.000000
-4.000000
-5.000000
-6.000000
-7.000000
-8.000000
-9.000000
-10.000000
-11.000001
-12.000000
-12.999999
-14.000001
-15.000001
-16.000000
-1.000000
-2.000000
-3.000000
-4.000000
-5.000000
-6.000000
-7.000000
-8.000000
-9.000000
-10.000000
-11.000001
-12.000000
-12.999999
-14.000001
-15.000001
-16.000000
-1.000000
-2.000000
-3.000000
-4.000000
-5.000000
-6.000000
-7.000000
-8.000000
-9.000000
-10.000000
-11.000001
-12.000000
-12.999999
-14.000001
-15.000001
-16.000000
-1.000000
-2.000000
-3.000000
-4.000000
-5.000000
-6.000000
-7.000000
-8.000000
-9.000000
-10.000000
-11.000001
-12.000000
-12.999999
-14.000001
-15.000001
-16.000000
-1.000000
-2.000000
-3.000000
-4.000000
-5.000000
-6.000000
-7.000000
-8.000000
-9.000000
-10.000000
-11.000001
-12.000000
-12.999999
-14.000001
-15.000001
-16.000000
-1.000000
-2.000000
-3.000000
-4.000000
-5.000000
-6.000000
-7.000000
-8.000000
-9.000000
-10.000000
-11.000001
-12.000000
-12.999999
-14.000001
-15.000001
-16.000000
-1.000000
-2.000000
-3.000000
-4.000000
-5.000000
-6.000000
-7.000000
-8.000000
-9.000000
-10.000000
-11.000001
-12.000000
-12.999999
-14.000001
-15.000001
-16.000000
-1.000000
-2.000000
-3.000000
-4.000000
-5.000000
-6.000000
-7.000000
-8.000000
-9.000000
-10.000000
-11.000001
-12.000000
-12.999999
-14.000001
-15.000001
-16.000000
-1.000000
-2.000000
-3.000000
-4.000000
-5.000000
-6.000000
-7.000000
-8.000000
-9.000000
-10.000000
-11.000001
-12.000000
-12.999999
-14.000001
-15.000001
-16.000000
-1.000000
-2.000000
-3.000000
-4.000000
-5.000000
-6.000000
-7.000000
-8.000000
-9.000000
-10.000000
-11.000001
-12.000000
-12.999999
-14.000001
-15.000001
-16.000000
-1.000000
-2.000000
-3.000000
-4.000000
-5.000000
-6.000000
-7.000000
-8.000000
-9.000000
-10.000000
-11.000001
-12.000000
-12.999999
-14.000001
-15.000001
-16.000000
-1.000000
-2.000000
-3.000000
-4.000000
-5.000000
-6.000000
-7.000000
-8.000000
-9.000000
-10.000000
-11.000001
-12.000000
-12.999999
-14.000001
-15.000001
-16.000000
-1.000000
-2.000000
-3.000000
-4.000000
-5.000000
-6.000000
-7.000000
-8.000000
-9.000000
-10.000000
-11.000001
-12.000000
-12.999999
-14.000001
-15.000001
-16.000000
-1.000000
-2.000000
-3.000000
-4.000000
-5.000000
-6.000000
-7.000000
-8.000000
-9.000000
-10.000000
-11.000001
-12.000000
-12.999999
-14.000001
-15.000001
-16.000000
-1.000000
-2.000000
-3.000000
-4.000000
-5.000000
-6.000000
-7.000000
-8.000000
-9.000000
-10.000000
-11.000001
-12.000000
-12.999999
-14.000001
-15.000001
-16.000000
-1.000000
-2.000000
-3.000000
-4.000000
-5.000000
-6.000000
-7.000000
-8.000000
-9.000000
-10.000000
-11.000001
-12.000000
-12.999999
-14.000001
-15.000001
-16.000000
-1.000000
-2.000000
-3.000000
-4.000000
-5.000000
-6.000000
-7.000000
-8.000000
-9.000000
-10.000000
-11.000001
-12.000000
-12.999999
-14.000001
-15.000001
-16.000000
-1.000000
-2.000000
-3.000000
-4.000000
-5.000000
-6.000000
-7.000000
-8.000000
-9.000000
-10.000000
-11.000001
-12.000000
-12.999999
-14.000001
-15.000001
-16.000000
-1.000000
-2.000000
-3.000000
-4.000000
-5.000000
-6.000000
-7.000000
-8.000000
-9.000000
-10.000000
-11.000001
-12.000000
-12.999999
-14.000001
-15.000001
-16.000000
-1.000000
-2.000000
-3.000000
-4.000000
-5.000000
-6.000000
-7.000000
-8.000000
-9.000000
-10.000000
-11.000001
-12.000000
-12.999999
-14.000001
-15.000001
-16.000000
-1.000000
-2.000000
-3.000000
-4.000000
-5.000000
-6.000000
-7.000000
-8.000000
-9.000000
-10.000000
-11.000001
-12.000000
-12.999999
-14.000001
-15.000001
-16.000000
-1.000000
-2.000000
-3.000000
-4.000000
-5.000000
-6.000000
-7.000000
-8.000000
-9.000000
-10.000000
-11.000001
-12.000000
-12.999999
-14.000001
-15.000001
-16.000000
-1.000000
-2.000000
-3.000000
-4.000000
-5.000000
-6.000000
-7.000000
-8.000000
-9.000000
-10.000000
-11.000001
-12.000000
-12.999999
-14.000001
-15.000001
-16.000000
