1316
3948
-6016
2068
-8084
2632
4324
-2632
-752
7520
-752
5452
564
-1504
-1316
6768
567
1701
-2592
891
-3483
1134
1863
-1134
-324
3240
-324
2349
243
-648
-567
2916
1540
4620
-7040
2420
-9460
3080
5060
-3080
-880
8800
-880
6380
660
-1760
-1540
7920
868
2604
-3968
1364
-5332
1736
2852
-1736
-496
4960
-496
3596
372
-992
-868
4464
1015
3045
-4640
1595
-6235
2030
3335
-2030
-580
5800
-580
4205
435
-1160
-1015
5220
854
2562
-3904
1342
-5246
1708
2806
-1708
-488
4880
-488
3538
366
-976
-854
4392
2317
6951
-10592
3641
-14233
4634
7613
-4634
-1324
13240
-1324
9599
993
-2648
-2317
11916
1974
5922
-9024
3102
-12126
3948
6486
-3948
-1128
11280
-1128
8178
846
-2256
-1974
10152
896
2688
-4096
1408
-5504
1792
2944
-1792
-512
5120
-512
3712
384
-1024
-896
4608
1029
3087
-4704
1617
-6321
2058
3381
-2058
-588
5880
-588
4263
441
-1176
-1029
5292
1540
4620
-7040
2420
-9460
3080
5060
-3080
-880
8800
-880
6380
660
-1760
-1540
7920
1582
4746
-7232
2486
-9718
3164
5198
-3164
-904
9040
-904
6554
678
-1808
-1582
8136
910
2730
-4160
1430
-5590
1820
2990
-1820
-520
5200
-520
3770
390
-1040
-910
4680
1701
5103
-7776
2673
-10449
3402
5589
-3402
-972
9720
-972
7047
729
-1944
-1701
8748
1372
4116
-6272
2156
-8428
2744
4508
-2744
-784
7840
-784
5684
588
-1568
-1372
7056
1876
5628
-8576
2948
-11524
3752
6164
-3752
-1072
10720
-1072
7772
804
-2144
-1876
9648
812
2436
-3712
1276
-4988
1624
2668
-1624
-464
4640
-464
3364
348
-928
-812
4176
728
2184
-3328
1144
-4472
1456
2392
-1456
-416
4160
-416
3016
312
-832
-728
3744
1715
5145
-7840
2695
-10535
3430
5635
-3430
-980
9800
-980
7105
735
-1960
-1715
8820
1197
3591
-5472
1881
-7353
2394
3933
-2394
-684
6840
-684
4959
513
-1368
-1197
6156
924
2772
-4224
1452
-5676
1848
3036
-1848
-528
5280
-528
3828
396
-1056
-924
4752
2086
6258
-9536
3278
-12814
4172
6854
-4172
-1192
11920
-1192
8642
894
-2384
-2086
10728
1134
3402
-5184
1782
-6966
2268
3726
-2268
-648
6480
-648
4698
486
-1296
-1134
5832
714
2142
-3264
1122
-4386
1428
2346
-1428
-408
4080
-408
2958
306
-816
-714
3672
1148
3444
-5248
1804
-7052
2296
3772
-2296
-656
6560
-656
4756
492
-1312
-1148
5904
903
2709
-4128
1419
-5547
1806
2967
-1806
-516
5160
-516
3741
387
-1032
-903
4644
966
2898
-4416
1518
-5934
1932
3174
-1932
-552
5520
-552
4002
414
-1104
-966
4968
651
1953
-2976
1023
-3999
1302
2139
-1302
-372
3720
-372
2697
279
-744
-651
3348
2072
6216
-9472
3256
-12728
4144
6808
-4144
-1184
11840
-1184
8584
888
-2368
-2072
10656
2212
6636
-10112
3476
-13588
4424
7268
-4424
-1264
12640
-1264
9164
948
-2528
-2212
11376
672
2016
-3072
1056
-4128
1344
2208
-1344
-384
3840
-384
2784
288
-768
-672
3456
1876
5628
-8576
2948
-11524
3752
6164
-3752
-1072
10720
-1072
7772
804
-2144
-1876
9648
935
2805
-11968
-2618
-11594
-5423
374
-3927
5423
3740
4301
5797
-5236
-2992
-1683
5797
400
1200
-5120
-1120
-4960
-2320
160
-1680
2320
1600
1840
2480
-2240
-1280
-720
2480
1130
3390
-14464
-3164
-14012
-6554
452
-4746
6554
4520
5198
7006
-6328
-3616
-2034
7006
600
1800
-7680
-1680
-7440
-3480
240
-2520
3480
2400
2760
3720
-3360
-1920
-1080
3720
710
2130
-9088
-1988
-8804
-4118
284
-2982
4118
2840
3266
4402
-3976
-2272
-1278
4402
620
1860
-7936
-1736
-7688
-3596
248
-2604
3596
2480
2852
3844
-3472
-1984
-1116
3844
1680
5040
-21504
-4704
-20832
-9744
672
-7056
9744
6720
7728
10416
-9408
-5376
-3024
10416
1415
4245
-18112
-3962
-17546
-8207
566
-5943
8207
5660
6509
8773
-7924
-4528
-2547
8773
640
1920
-8192
-1792
-7936
-3712
256
-2688
3712
2560
2944
3968
-3584
-2048
-1152
3968
735
2205
-9408
-2058
-9114
-4263
294
-3087
4263
2940
3381
4557
-4116
-2352
-1323
4557
1105
3315
-14144
-3094
-13702
-6409
442
-4641
6409
4420
5083
6851
-6188
-3536
-1989
6851
1115
3345
-14272
-3122
-13826
-6467
446
-4683
6467
4460
5129
6913
-6244
-3568
-2007
6913
665
1995
-8512
-1862
-8246
-3857
266
-2793
3857
2660
3059
4123
-3724
-2128
-1197
4123
1245
3735
-15936
-3486
-15438
-7221
498
-5229
7221
4980
5727
7719
-6972
-3984
-2241
7719
970
2910
-12416
-2716
-12028
-5626
388
-4074
5626
3880
4462
6014
-5432
-3104
-1746
6014
1360
4080
-17408
-3808
-16864
-7888
544
-5712
7888
5440
6256
8432
-7616
-4352
-2448
8432
575
1725
-7360
-1610
-7130
-3335
230
-2415
3335
2300
2645
3565
-3220
-1840
-1035
3565
510
1530
-6528
-1428
-6324
-2958
204
-2142
2958
2040
2346
3162
-2856
-1632
-918
3162
1230
3690
-15744
-3444
-15252
-7134
492
-5166
7134
4920
5658
7626
-6888
-3936
-2214
7626
850
2550
-10880
-2380
-10540
-4930
340
-3570
4930
3400
3910
5270
-4760
-2720
-1530
5270
680
2040
-8704
-1904
-8432
-3944
272
-2856
3944
2720
3128
4216
-3808
-2176
-1224
4216
1490
4470
-19072
-4172
-18476
-8642
596
-6258
8642
5960
6854
9238
-8344
-4768
-2682
9238
805
2415
-10304
-2254
-9982
-4669
322
-3381
4669
3220
3703
4991
-4508
-2576
-1449
4991
500
1500
-6400
-1400
-6200
-2900
200
-2100
2900
2000
2300
3100
-2800
-1600
-900
3100
835
2505
-10688
-2338
-10354
-4843
334
-3507
4843
3340
3841
5177
-4676
-2672
-1503
5177
655
1965
-8384
-1834
-8122
-3799
262
-2751
3799
2620
3013
4061
-3668
-2096
-1179
4061
690
2070
-8832
-1932
-8556
-4002
276
-2898
4002
2760
3174
4278
-3864
-2208
-1242
4278
465
1395
-5952
-1302
-5766
-2697
186
-1953
2697
1860
2139
2883
-2604
-1488
-837
2883
1470
4410
-18816
-4116
-18228
-8526
588
-6174
8526
5880
6762
9114
-8232
-4704
-2646
9114
1590
4770
-20352
-4452
-19716
-9222
636
-6678
9222
6360
7314
9858
-8904
-5088
-2862
9858
495
1485
-6336
-1386
-6138
-2871
198
-2079
2871
1980
2277
3069
-2772
-1584
-891
3069
1335
4005
-17088
-3738
-16554
-7743
534
-5607
7743
5340
6141
8277
-7476
-4272
-2403
8277
-7585
4625
-5920
4625
-2775
-12210
-9250
4440
5920
7030
6475
-1665
370
-5735
-6290
-740
-3157
1925
-2464
1925
-1155
-5082
-3850
1848
2464
2926
2695
-693
154
-2387
-2618
-308
-9758
5950
-7616
5950
-3570
-15708
-11900
5712
7616
9044
8330
-2142
476
-7378
-8092
-952
-4674
2850
-3648
2850
-1710
-7524
-5700
2736
3648
4332
3990
-1026
228
-3534
-3876
-456
-5576
3400
-4352
3400
-2040
-8976
-6800
3264
4352
5168
4760
-1224
272
-4216
-4624
-544
-5248
3200
-4096
3200
-1920
-8448
-6400
3072
4096
4864
4480
-1152
256
-3968
-4352
-512
-14227
8675
-11104
8675
-5205
-22902
-17350
8328
11104
13186
12145
-3123
694
-10757
-11798
-1388
-11767
7175
-9184
7175
-4305
-18942
-14350
6888
9184
10906
10045
-2583
574
-8897
-9758
-1148
-5248
3200
-4096
3200
-1920
-8448
-6400
3072
4096
4864
4480
-1152
256
-3968
-4352
-512
-5986
3650
-4672
3650
-2190
-9636
-7300
3504
4672
5548
5110
-1314
292
-4526
-4964
-584
-9143
5575
-7136
5575
-3345
-14718
-11150
5352
7136
8474
7805
-2007
446
-6913
-7582
-892
-8897
5425
-6944
5425
-3255
-14322
-10850
5208
6944
8246
7595
-1953
434
-6727
-7378
-868
-5822
3550
-4544
3550
-2130
-9372
-7100
3408
4544
5396
4970
-1278
284
-4402
-4828
-568
-10742
6550
-8384
6550
-3930
-17292
-13100
6288
8384
9956
9170
-2358
524
-8122
-8908
-1048
-7790
4750
-6080
4750
-2850
-12540
-9500
4560
6080
7220
6650
-1710
380
-5890
-6460
-760
-11521
7025
-8992
7025
-4215
-18546
-14050
6744
8992
10678
9835
-2529
562
-8711
-9554
-1124
-4674
2850
-3648
2850
-1710
-7524
-5700
2736
3648
4332
3990
-1026
228
-3534
-3876
-456
-3977
2425
-3104
2425
-1455
-6402
-4850
2328
3104
3686
3395
-873
194
-3007
-3298
-388
-10168
6200
-7936
6200
-3720
-16368
-12400
5952
7936
9424
8680
-2232
496
-7688
-8432
-992
-6888
4200
-5376
4200
-2520
-11088
-8400
4032
5376
6384
5880
-1512
336
-5208
-5712
-672
-5863
3575
-4576
3575
-2145
-9438
-7150
3432
4576
5434
5005
-1287
286
-4433
-4862
-572
-12259
7475
-9568
7475
-4485
-19734
-14950
7176
9568
11362
10465
-2691
598
-9269
-10166
-1196
-6519
3975
-5088
3975
-2385
-10494
-7950
3816
5088
6042
5565
-1431
318
-4929
-5406
-636
-3895
2375
-3040
2375
-1425
-6270
-4750
2280
3040
3610
3325
-855
190
-2945
-3230
-380
-7093
4325
-5536
4325
-2595
-11418
-8650
4152
5536
6574
6055
-1557
346
-5363
-5882
-692
-5617
3425
-4384
3425
-2055
-9042
-6850
3288
4384
5206
4795
-1233
274
-4247
-4658
-548
-5740
3500
-4480
3500
-2100
-9240
-7000
3360
4480
5320
4900
-1260
280
-4340
-4760
-560
-3772
2300
-2944
2300
-1380
-6072
-4600
2208
2944
3496
3220
-828
184
-2852
-3128
-368
-11890
7250
-9280
7250
-4350
-19140
-14500
6960
9280
11020
10150
-2610
580
-8990
-9860
-1160
-13161
8025
-10272
8025
-4815
-21186
-16050
7704
10272
12198
11235
-2889
642
-9951
-10914
-1284
-4305
2625
-3360
2625
-1575
-6930
-5250
2520
3360
3990
3675
-945
210
-3255
-3570
-420
-10865
6625
-8480
6625
-3975
-17490
-13250
6360
8480
10070
9275
-2385
530
-8215
-9010
-1060
-3438
10696
-7449
-2101
-7831
-7640
382
-3438
2101
6876
7831
3247
-1146
-4393
4393
-1719
-1548
4816
-3354
-946
-3526
-3440
172
-1548
946
3096
3526
1462
-516
-1978
1978
-774
-3654
11368
-7917
-2233
-8323
-8120
406
-3654
2233
7308
8323
3451
-1218
-4669
4669
-1827
-2412
7504
-5226
-1474
-5494
-5360
268
-2412
1474
4824
5494
2278
-804
-3082
3082
-1206
-2772
8624
-6006
-1694
-6314
-6160
308
-2772
1694
5544
6314
2618
-924
-3542
3542
-1386
-2070
6440
-4485
-1265
-4715
-4600
230
-2070
1265
4140
4715
1955
-690
-2645
2645
-1035
-5634
17528
-12207
-3443
-12833
-12520
626
-5634
3443
11268
12833
5321
-1878
-7199
7199
-2817
-4968
15456
-10764
-3036
-11316
-11040
552
-4968
3036
9936
11316
4692
-1656
-6348
6348
-2484
-2304
7168
-4992
-1408
-5248
-5120
256
-2304
1408
4608
5248
2176
-768
-2944
2944
-1152
-2682
8344
-5811
-1639
-6109
-5960
298
-2682
1639
5364
6109
2533
-894
-3427
3427
-1341
-3924
12208
-8502
-2398
-8938
-8720
436
-3924
2398
7848
8938
3706
-1308
-5014
5014
-1962
-4230
13160
-9165
-2585
-9635
-9400
470
-4230
2585
8460
9635
3995
-1410
-5405
5405
-2115
-2124
6608
-4602
-1298
-4838
-4720
236
-2124
1298
4248
4838
2006
-708
-2714
2714
-1062
-4050
12600
-8775
-2475
-9225
-9000
450
-4050
2475
8100
9225
3825
-1350
-5175
5175
-2025
-3636
11312
-7878
-2222
-8282
-8080
404
-3636
2222
7272
8282
3434
-1212
-4646
4646
-1818
-4572
14224
-9906
-2794
-10414
-10160
508
-4572
2794
9144
10414
4318
-1524
-5842
5842
-2286
-2142
6664
-4641
-1309
-4879
-4760
238
-2142
1309
4284
4879
2023
-714
-2737
2737
-1071
-2016
6272
-4368
-1232
-4592
-4480
224
-2016
1232
4032
4592
1904
-672
-2576
2576
-1008
-4356
13552
-9438
-2662
-9922
-9680
484
-4356
2662
8712
9922
4114
-1452
-5566
5566
-2178
-3132
9744
-6786
-1914
-7134
-6960
348
-3132
1914
6264
7134
2958
-1044
-4002
4002
-1566
-2196
6832
-4758
-1342
-5002
-4880
244
-2196
1342
4392
5002
2074
-732
-2806
2806
-1098
-5328
16576
-11544
-3256
-12136
-11840
592
-5328
3256
10656
12136
5032
-1776
-6808
6808
-2664
-2970
9240
-6435
-1815
-6765
-6600
330
-2970
1815
5940
6765
2805
-990
-3795
3795
-1485
-1998
6216
-4329
-1221
-4551
-4440
222
-1998
1221
3996
4551
1887
-666
-2553
2553
-999
-2790
8680
-6045
-1705
-6355
-6200
310
-2790
1705
5580
6355
2635
-930
-3565
3565
-1395
-2178
6776
-4719
-1331
-4961
-4840
242
-2178
1331
4356
4961
2057
-726
-2783
2783
-1089
-2448
7616
-5304
-1496
-5576
-5440
272
-2448
1496
4896
5576
2312
-816
-3128
3128
-1224
-1692
5264
-3666
-1034
-3854
-3760
188
-1692
1034
3384
3854
1598
-564
-2162
2162
-846
-5454
16968
-11817
-3333
-12423
-12120
606
-5454
3333
10908
12423
5151
-1818
-6969
6969
-2727
-5598
17416
-12129
-3421
-12751
-12440
622
-5598
3421
11196
12751
5287
-1866
-7153
7153
-2799
-1566
4872
-3393
-957
-3567
-3480
174
-1566
957
3132
3567
1479
-522
-2001
2001
-783
-4896
15232
-10608
-2992
-11152
-10880
544
-4896
2992
9792
11152
4624
-1632
-6256
6256
-2448
