0.020238
0.060374
-0.091823
0.030556
-0.122699
0.040024
0.067123
-0.039393
-0.011326
0.114176
-0.011520
0.083184
0.007210
-0.022975
-0.021357
0.104408
0.008744
0.026086
-0.039675
0.013203
-0.053016
0.017294
0.029002
-0.017021
-0.004894
0.049333
-0.004978
0.035942
0.003115
-0.009927
-0.009228
0.045112
0.023716
0.070748
-0.107601
0.035807
-0.143783
0.046902
0.078657
-0.046162
-0.013272
0.133795
-0.013500
0.097477
0.008449
-0.026922
-0.025027
0.122348
0.013294
0.039660
-0.060319
0.020073
-0.080601
0.026292
0.044093
-0.025877
-0.007440
0.075002
-0.007568
0.054643
0.004736
-0.015092
-0.014029
0.068585
0.015557
0.046409
-0.070584
0.023489
-0.094318
0.030767
0.051597
-0.030281
-0.008706
0.087766
-0.008855
0.063943
0.005542
-0.017661
-0.016417
0.080258
0.013090
0.039049
-0.059390
0.019763
-0.079360
0.025887
0.043414
-0.025479
-0.007325
0.073847
-0.007451
0.053802
0.004663
-0.014860
-0.013813
0.067529
0.035578
0.106135
-0.161420
0.053717
-0.215699
0.070361
0.117999
-0.069251
-0.019910
0.200715
-0.020252
0.146232
0.012675
-0.040388
-0.037544
0.183543
0.030314
0.090433
-0.137540
0.045770
-0.183789
0.059952
0.100542
-0.059006
-0.016965
0.171021
-0.017256
0.124599
0.010800
-0.034413
-0.031990
0.156390
0.013787
0.041130
-0.062554
0.020816
-0.083589
0.027267
0.045727
-0.026836
-0.007716
0.077782
-0.007848
0.056669
0.004912
-0.015651
-0.014549
0.071127
0.015844
0.047265
-0.071885
0.023921
-0.096057
0.031334
0.052548
-0.030839
-0.008867
0.089384
-0.009019
0.065121
0.005645
-0.017986
-0.016719
0.081737
0.023726
0.070781
-0.107650
0.035823
-0.143848
0.046923
0.078692
-0.046183
-0.013278
0.133855
-0.013506
0.097521
0.008453
-0.026935
-0.025038
0.122404
0.024305
0.072506
-0.110274
0.036697
-0.147355
0.048067
0.080611
-0.047309
-0.013602
0.137119
-0.013835
0.099899
0.008659
-0.027591
-0.025648
0.125388
0.013967
0.041665
-0.063368
0.021087
-0.084676
0.027621
0.046322
-0.027186
-0.007816
0.078794
-0.007950
0.057406
0.004976
-0.015855
-0.014739
0.072053
0.026194
0.078141
-0.118845
0.039549
-0.158808
0.051803
0.086876
-0.050986
-0.014659
0.147776
-0.014910
0.107663
0.009332
-0.029736
-0.027642
0.135133
0.021051
0.062800
-0.095512
0.031784
-0.127629
0.041633
0.069820
-0.040976
-0.011781
0.118763
-0.011983
0.086526
0.007500
-0.023898
-0.022215
0.108602
0.028827
0.085997
-0.130792
0.043524
-0.174772
0.057010
0.095609
-0.056111
-0.016133
0.162631
-0.016409
0.118486
0.010270
-0.032725
-0.030420
0.148717
0.012511
0.037322
-0.056764
0.018890
-0.075851
0.024743
0.041494
-0.024352
-0.007002
0.070582
-0.007122
0.051423
0.004457
-0.014203
-0.013202
0.064543
0.011232
0.033507
-0.050960
0.016958
-0.068096
0.022213
0.037252
-0.021862
-0.006286
0.063365
-0.006393
0.046165
0.004002
-0.012751
-0.011853
0.057944
0.026402
0.078763
-0.119791
0.039864
-0.160072
0.052215
0.087568
-0.051392
-0.014776
0.148952
-0.015029
0.108520
0.009406
-0.029972
-0.027862
0.136209
0.018419
0.054948
-0.083570
0.027810
-0.111671
0.036427
0.061090
-0.035852
-0.010308
0.103913
-0.010485
0.075707
0.006562
-0.020910
-0.019437
0.095023
0.014256
0.042528
-0.064680
0.021524
-0.086430
0.028193
0.047281
-0.027749
-0.007978
0.080426
-0.008115
0.058595
0.005079
-0.016183
-0.015044
0.073545
0.032050
0.095612
-0.145417
0.048391
-0.194315
0.063385
0.106300
-0.062385
-0.017936
0.180816
-0.018244
0.131735
0.011419
-0.036384
-0.033822
0.165347
0.017446
0.052046
-0.079157
0.026341
-0.105774
0.034503
0.057864
-0.033959
-0.009764
0.098426
-0.009931
0.071709
0.006216
-0.019805
-0.018411
0.090005
0.010994
0.032796
-0.049880
0.016599
-0.066652
0.021742
0.036462
-0.021399
-0.006152
0.062022
-0.006258
0.045187
0.003917
-0.012480
-0.011601
0.056716
0.017676
0.052730
-0.080197
0.026687
-0.107164
0.034957
0.058624
-0.034405
-0.009892
0.099719
-0.010061
0.072651
0.006297
-0.020066
-0.018653
0.091188
0.013851
0.041320
-0.062844
0.020913
-0.083975
0.027393
0.045939
-0.026961
-0.007751
0.078142
-0.007884
0.056931
0.004935
-0.015724
-0.014617
0.071456
0.014838
0.044265
-0.067322
0.022403
-0.089960
0.029345
0.049213
-0.028882
-0.008304
0.083711
-0.008446
0.060988
0.005286
-0.016844
-0.015658
0.076549
0.009986
0.029789
-0.045306
0.015077
-0.060541
0.019748
0.033119
-0.019437
-0.005588
0.056335
-0.005684
0.041044
0.003558
-0.011336
-0.010538
0.051516
0.031873
0.095084
-0.144614
0.048124
-0.193241
0.063035
0.105713
-0.062041
-0.017837
0.179817
-0.018143
0.131007
0.011355
-0.036183
-0.033635
0.164433
0.034055
0.101594
-0.154514
0.051418
-0.206471
0.067351
0.112950
-0.066288
-0.019058
0.192127
-0.019385
0.139976
0.012133
-0.038660
-0.035938
0.175690
0.010313
0.030765
-0.046791
0.015571
-0.062525
0.020395
0.034204
-0.020074
-0.005771
0.058181
-0.005870
0.042388
0.003674
-0.011707
-0.010883
0.053203
0.028873
0.086135
-0.131002
0.043594
-0.175053
0.057102
0.095763
-0.056201
-0.016158
0.162892
-0.016435
0.118677
0.010287
-0.032778
-0.030469
0.148956
0.015685
0.042392
-0.183350
-0.040045
-0.176838
-0.083296
0.004811
-0.059564
0.081825
0.058454
0.066335
0.088521
-0.078675
-0.045358
-0.026422
0.088292
0.006690
0.018080
-0.078199
-0.017079
-0.075422
-0.035526
0.002052
-0.025404
0.034898
0.024931
0.028292
0.037754
-0.033555
-0.019345
-0.011269
0.037657
0.018910
0.051107
-0.221043
-0.048277
-0.213193
-0.100420
0.005801
-0.071809
0.098646
0.070471
0.079972
0.106719
-0.094849
-0.054683
-0.031854
0.106443
0.010095
0.027282
-0.117998
-0.025771
-0.113807
-0.053606
0.003097
-0.038333
0.052660
0.037619
0.042691
0.056969
-0.050633
-0.029191
-0.017004
0.056822
0.011884
0.032119
-0.138915
-0.030340
-0.133982
-0.063109
0.003645
-0.045129
0.061995
0.044288
0.050258
0.067068
-0.059608
-0.034366
-0.020019
0.066894
0.010364
0.028010
-0.121145
-0.026459
-0.116843
-0.055036
0.003179
-0.039356
0.054064
0.038622
0.043829
0.058489
-0.051983
-0.029970
-0.017458
0.058337
0.028137
0.076045
-0.328900
-0.071834
-0.317219
-0.149420
0.008631
-0.106848
0.146780
0.104857
0.118994
0.158792
-0.141131
-0.081365
-0.047397
0.158382
0.023737
0.064153
-0.277464
-0.060600
-0.267610
-0.126053
0.007281
-0.090139
0.123826
0.088459
0.100385
0.133959
-0.119060
-0.068641
-0.039985
0.133613
0.010729
0.028996
-0.125411
-0.027391
-0.120957
-0.056974
0.003291
-0.040742
0.055968
0.039982
0.045373
0.060548
-0.053814
-0.031025
-0.018073
0.060392
0.012295
0.033230
-0.143720
-0.031390
-0.138616
-0.065292
0.003772
-0.046690
0.064139
0.045820
0.051997
0.069388
-0.061670
-0.035555
-0.020711
0.069209
0.018530
0.050082
-0.216606
-0.047308
-0.208913
-0.098404
0.005684
-0.070368
0.096666
0.069056
0.078366
0.104577
-0.092946
-0.053585
-0.031215
0.104307
0.018696
0.050529
-0.218543
-0.047731
-0.210781
-0.099284
0.005735
-0.070997
0.097530
0.069674
0.079067
0.105512
-0.093776
-0.054065
-0.031494
0.105239
0.011180
0.030216
-0.130688
-0.028543
-0.126046
-0.059372
0.003430
-0.042456
0.058323
0.041665
0.047282
0.063096
-0.056078
-0.032330
-0.018833
0.062933
0.020869
0.056403
-0.243945
-0.053279
-0.235281
-0.110825
0.006402
-0.079249
0.108867
0.077772
0.088257
0.117776
-0.104677
-0.060349
-0.035154
0.117472
0.016231
0.043866
-0.189723
-0.041437
-0.182985
-0.086192
0.004979
-0.061635
0.084669
0.060486
0.068640
0.091598
-0.081410
-0.046935
-0.027341
0.091361
0.022792
0.061600
-0.266425
-0.058189
-0.256963
-0.121037
0.006992
-0.086552
0.118899
0.084939
0.096390
0.128629
-0.114323
-0.065910
-0.038394
0.128297
0.009674
0.026145
-0.113078
-0.024697
-0.109062
-0.051372
0.002967
-0.036735
0.050464
0.036051
0.040911
0.054594
-0.048522
-0.027974
-0.016295
0.054453
0.008559
0.023132
-0.100047
-0.021851
-0.096494
-0.045451
0.002625
-0.032502
0.044648
0.031896
0.036196
0.048302
-0.042930
-0.024750
-0.014417
0.048177
0.020637
0.055776
-0.241236
-0.052688
-0.232668
-0.109594
0.006331
-0.078369
0.107658
0.076908
0.087277
0.116468
-0.103514
-0.059679
-0.034764
0.116167
0.014268
0.038563
-0.166788
-0.036428
-0.160865
-0.075772
0.004377
-0.054184
0.074434
0.053174
0.060343
0.080525
-0.071569
-0.041261
-0.024035
0.080317
0.011360
0.030703
-0.132793
-0.029003
-0.128077
-0.060328
0.003485
-0.043140
0.059262
0.042336
0.048043
0.064112
-0.056981
-0.032851
-0.019136
0.063946
0.024990
0.067539
-0.292111
-0.063799
-0.281737
-0.132707
0.007666
-0.094897
0.130362
0.093128
0.105684
0.141031
-0.125345
-0.072264
-0.042095
0.140666
0.013504
0.036496
-0.157849
-0.034475
-0.152243
-0.071711
0.004142
-0.051280
0.070444
0.050324
0.057109
0.076209
-0.067733
-0.039050
-0.022747
0.076012
0.008360
0.022593
-0.097717
-0.021342
-0.094246
-0.044393
0.002564
-0.031745
0.043609
0.031153
0.035353
0.047177
-0.041930
-0.024174
-0.014082
0.047055
0.014002
0.037842
-0.163671
-0.035747
-0.157858
-0.074356
0.004295
-0.053171
0.073042
0.052180
0.059215
0.079020
-0.070231
-0.040490
-0.023586
0.078815
0.010989
0.029699
-0.128448
-0.028054
-0.123886
-0.058354
0.003371
-0.041728
0.057323
0.040951
0.046472
0.062014
-0.055117
-0.031776
-0.018510
0.061854
0.011597
0.031344
-0.135566
-0.029608
-0.130751
-0.061588
0.003558
-0.044041
0.060500
0.043220
0.049047
0.065451
-0.058171
-0.033537
-0.019536
0.065282
0.007754
0.020956
-0.090637
-0.019796
-0.087418
-0.041176
0.002378
-0.029445
0.040449
0.028896
0.032792
0.043759
-0.038892
-0.022422
-0.013061
0.043646
0.024638
0.066589
-0.288003
-0.062902
-0.277775
-0.130840
0.007558
-0.093562
0.128529
0.091818
0.104198
0.139048
-0.123582
-0.071248
-0.041504
0.138688
0.026641
0.072002
-0.311413
-0.068015
-0.300353
-0.141475
0.008172
-0.101167
0.138976
0.099282
0.112667
0.150349
-0.133627
-0.077039
-0.044877
0.149961
0.008263
0.022332
-0.096588
-0.021095
-0.093157
-0.043880
0.002535
-0.031378
0.043105
0.030793
0.034945
0.046632
-0.041446
-0.023895
-0.013919
0.046512
0.022397
0.060532
-0.261805
-0.057180
-0.252507
-0.118938
0.006870
-0.085051
0.116837
0.083466
0.094719
0.126399
-0.112340
-0.064767
-0.037728
0.126072
-0.056712
0.011845
-0.128252
0.055476
-0.187491
-0.154690
-0.047100
-0.026928
0.085713
0.046292
0.041522
0.050955
-0.052133
-0.042792
-0.099771
0.114540
-0.023904
0.004993
-0.054057
0.023383
-0.079026
-0.065200
-0.019852
-0.011350
0.036127
0.019512
0.017501
0.021477
-0.021974
-0.018037
-0.042053
0.048278
-0.070143
0.014650
-0.158625
0.068613
-0.231892
-0.191323
-0.058254
-0.033305
0.106012
0.057255
0.051356
0.063022
-0.064479
-0.052926
-0.123398
0.141666
-0.035821
0.007482
-0.081008
0.035040
-0.118425
-0.097707
-0.029750
-0.017009
0.054139
0.029239
0.026227
0.032185
-0.032929
-0.027029
-0.063018
0.072347
-0.042404
0.008857
-0.095896
0.041480
-0.140189
-0.115664
-0.035217
-0.020134
0.064089
0.034613
0.031047
0.038100
-0.038981
-0.031996
-0.074600
0.085643
-0.038202
0.007979
-0.086393
0.037369
-0.126296
-0.104201
-0.031727
-0.018139
0.057738
0.031183
0.027970
0.034324
-0.035118
-0.028825
-0.067207
0.077156
-0.103604
0.021639
-0.234297
0.101345
-0.342516
-0.282594
-0.086045
-0.049193
0.156585
0.084568
0.075855
0.093086
-0.095239
-0.078174
-0.182266
0.209247
-0.086624
0.018093
-0.195897
0.084735
-0.286379
-0.236278
-0.071942
-0.041131
0.130921
0.070708
0.063422
0.077830
-0.079630
-0.065362
-0.152393
0.174952
-0.038933
0.008132
-0.088046
0.038084
-0.128714
-0.106196
-0.032335
-0.018486
0.058843
0.031780
0.028505
0.034981
-0.035790
-0.029377
-0.068493
0.078633
-0.044506
0.009296
-0.100649
0.043536
-0.147137
-0.121396
-0.036963
-0.021132
0.067265
0.036329
0.032585
0.039988
-0.040913
-0.033582
-0.078297
0.089888
-0.067466
0.014091
-0.152572
0.065995
-0.223043
-0.184023
-0.056032
-0.032034
0.101967
0.055070
0.049396
0.060617
-0.062019
-0.050907
-0.118690
0.136260
-0.067135
0.014022
-0.151824
0.065671
-0.221949
-0.183120
-0.055757
-0.031877
0.101466
0.054800
0.049154
0.060320
-0.061715
-0.050657
-0.118107
0.135591
-0.041620
0.008693
-0.094121
0.040712
-0.137594
-0.113523
-0.034566
-0.019762
0.062903
0.033972
0.030472
0.037394
-0.038259
-0.031404
-0.073219
0.084058
-0.077353
0.016156
-0.174932
0.075667
-0.255731
-0.210992
-0.064243
-0.036729
0.116910
0.063141
0.056635
0.069501
-0.071108
-0.058367
-0.136084
0.156229
-0.058405
0.012199
-0.132081
0.057132
-0.193087
-0.159307
-0.048506
-0.027732
0.088272
0.047674
0.042762
0.052476
-0.053690
-0.044069
-0.102749
0.117959
-0.083906
0.017525
-0.189751
0.082077
-0.277394
-0.228865
-0.069685
-0.039840
0.126814
0.068490
0.061433
0.075388
-0.077132
-0.063311
-0.147612
0.169464
-0.034902
0.007290
-0.078929
0.034141
-0.115386
-0.095199
-0.028986
-0.016572
0.052750
0.028489
0.025554
0.031359
-0.032084
-0.026335
-0.061401
0.070490
-0.030471
0.006364
-0.068910
0.029807
-0.100739
-0.083115
-0.025307
-0.014468
0.046054
0.024873
0.022310
0.027378
-0.028011
-0.022992
-0.053607
0.061543
-0.075194
0.015705
-0.170049
0.073555
-0.248592
-0.205102
-0.062450
-0.035704
0.113646
0.061378
0.055054
0.067560
-0.069123
-0.056738
-0.132285
0.151868
-0.051566
0.010770
-0.116616
0.050442
-0.170479
-0.140654
-0.042827
-0.024485
0.077936
0.042092
0.037755
0.046332
-0.047403
-0.038909
-0.090718
0.104148
-0.042119
0.008797
-0.095251
0.041201
-0.139246
-0.114885
-0.034980
-0.019999
0.063658
0.034380
0.030838
0.037843
-0.038718
-0.031781
-0.074098
0.085067
-0.090846
0.018975
-0.205446
0.088866
-0.300339
-0.247796
-0.075449
-0.043136
0.137303
0.074155
0.066514
0.081624
-0.083512
-0.068548
-0.159822
0.183481
-0.048766
0.010185
-0.110282
0.047702
-0.161220
-0.133015
-0.040501
-0.023155
0.073703
0.039806
0.035704
0.043815
-0.044829
-0.036796
-0.085791
0.098491
-0.029704
0.006204
-0.067174
0.029056
-0.098201
-0.081021
-0.024669
-0.014104
0.044894
0.024246
0.021748
0.026688
-0.027306
-0.022413
-0.052256
0.059992
-0.051635
0.010785
-0.116770
0.050509
-0.170705
-0.140840
-0.042883
-0.024517
0.078039
0.042147
0.037805
0.046393
-0.047466
-0.038961
-0.090838
0.104286
-0.040578
0.008475
-0.091766
0.039693
-0.134151
-0.110682
-0.033701
-0.019267
0.061329
0.033122
0.029710
0.036459
-0.037302
-0.030618
-0.071387
0.081955
-0.042254
0.008825
-0.095556
0.041333
-0.139692
-0.115254
-0.035093
-0.020063
0.063862
0.034490
0.030937
0.037965
-0.038843
-0.031883
-0.074336
0.085340
-0.028083
0.005866
-0.063509
0.027471
-0.092842
-0.076600
-0.023323
-0.013334
0.042444
0.022923
0.020561
0.025232
-0.025816
-0.021190
-0.049405
0.056719
-0.088869
0.018562
-0.200975
0.086932
-0.293803
-0.242403
-0.073807
-0.042197
0.134315
0.072541
0.065067
0.079848
-0.081694
-0.067056
-0.156344
0.179488
-0.097139
0.020289
-0.219677
0.095021
-0.321143
-0.264960
-0.080675
-0.046124
0.146814
0.079291
0.071121
0.087278
-0.089296
-0.073296
-0.170892
0.196190
-0.030786
0.006430
-0.069622
0.030115
-0.101780
-0.083974
-0.025568
-0.014618
0.046530
0.025130
0.022541
0.027661
-0.028301
-0.023230
-0.054161
0.062179
-0.081042
0.016927
-0.183273
0.079275
-0.267924
-0.221052
-0.067306
-0.038480
0.122484
0.066151
0.059335
0.072814
-0.074499
-0.061150
-0.142573
0.163678
-0.163573
0.090966
-0.116269
0.091303
-0.031097
-0.144774
0.031654
-0.003392
-0.023365
0.195032
-0.016626
-0.069318
0.152745
-0.092108
-0.039773
-0.001777
-0.071619
0.039829
-0.050907
0.039976
-0.013616
-0.063388
0.013859
-0.001485
-0.010230
0.085393
-0.007280
-0.030350
0.066878
-0.040328
-0.017414
-0.000778
-0.186154
0.103524
-0.132320
0.103907
-0.035391
-0.164760
0.036024
-0.003860
-0.026591
0.221956
-0.018922
-0.078888
0.173832
-0.104823
-0.045264
-0.002022
-0.109714
0.061014
-0.077986
0.061240
-0.020858
-0.097105
0.021231
-0.002275
-0.015672
0.130814
-0.011152
-0.046494
0.102451
-0.061780
-0.026677
-0.001192
-0.127601
0.070962
-0.090700
0.071224
-0.024259
-0.112936
0.024693
-0.002646
-0.018227
0.152142
-0.012970
-0.054074
0.119154
-0.071852
-0.031026
-0.001386
-0.103507
0.057562
-0.073574
0.057775
-0.019678
-0.091611
0.020030
-0.002146
-0.014785
0.123414
-0.010521
-0.043864
0.096655
-0.058285
-0.025168
-0.001124
-0.281635
0.156623
-0.200189
0.157203
-0.053543
-0.249268
0.054501
-0.005840
-0.040230
0.335800
-0.028627
-0.119350
0.262992
-0.158588
-0.068480
-0.003060
-0.242456
0.134835
-0.172340
0.135334
-0.046094
-0.214591
0.046919
-0.005027
-0.034634
0.289086
-0.024644
-0.102747
0.226406
-0.136526
-0.058954
-0.002634
-0.110976
0.061716
-0.078883
0.061944
-0.021098
-0.098222
0.021476
-0.002301
-0.015852
0.132319
-0.011280
-0.047029
0.103630
-0.062490
-0.026984
-0.001206
-0.127889
0.071121
-0.090904
0.071385
-0.024313
-0.113191
0.024749
-0.002652
-0.018268
0.152485
-0.012999
-0.054196
0.119423
-0.072014
-0.031096
-0.001389
-0.190271
0.105814
-0.135246
0.106205
-0.036173
-0.168404
0.036821
-0.003945
-0.027179
0.226864
-0.019340
-0.080632
0.177676
-0.107141
-0.046265
-0.002067
-0.197949
0.110083
-0.140704
0.110491
-0.037633
-0.175199
0.038306
-0.004105
-0.028276
0.236019
-0.020120
-0.083886
0.184845
-0.111465
-0.048132
-0.002150
-0.109194
0.060725
-0.077616
0.060950
-0.020759
-0.096644
0.021131
-0.002264
-0.015598
0.130194
-0.011099
-0.046274
0.101966
-0.061487
-0.026551
-0.001186
-0.205775
0.114436
-0.146267
0.114859
-0.039121
-0.182126
0.039821
-0.004267
-0.029394
0.245351
-0.020916
-0.087202
0.192154
-0.115872
-0.050035
-0.002235
-0.171051
0.095125
-0.121585
0.095477
-0.032519
-0.151393
0.033101
-0.003547
-0.024434
0.203948
-0.017386
-0.072487
0.159728
-0.096319
-0.041591
-0.001858
-0.228263
0.126942
-0.162252
0.127412
-0.043396
-0.202030
0.044173
-0.004733
-0.032606
0.272164
-0.023202
-0.096732
0.213153
-0.128535
-0.055503
-0.002480
-0.101361
0.056369
-0.072049
0.056578
-0.019270
-0.089712
0.019615
-0.002102
-0.014479
0.120856
-0.010303
-0.042954
0.094652
-0.057076
-0.024646
-0.001101
-0.092358
0.051362
-0.065649
0.051552
-0.017559
-0.081744
0.017873
-0.001915
-0.013193
0.110121
-0.009388
-0.039139
0.086245
-0.052007
-0.022457
-0.001003
-0.211550
0.117647
-0.150372
0.118083
-0.040219
-0.187237
0.040939
-0.004387
-0.030219
0.252236
-0.021503
-0.089650
0.197546
-0.119123
-0.051439
-0.002298
-0.148945
0.082831
-0.105872
0.083138
-0.028317
-0.131827
0.028823
-0.003088
-0.021276
0.177591
-0.015139
-0.063119
0.139086
-0.083871
-0.036216
-0.001618
-0.111977
0.062273
-0.079594
0.062503
-0.021288
-0.099108
0.021669
-0.002322
-0.015995
0.133513
-0.011382
-0.047453
0.104565
-0.063054
-0.027227
-0.001216
-0.257462
0.143180
-0.183007
0.143710
-0.048947
-0.227873
0.049823
-0.005339
-0.036777
0.306978
-0.026170
-0.109106
0.240419
-0.144977
-0.062602
-0.002797
-0.141199
0.078524
-0.100366
0.078814
-0.026844
-0.124972
0.027325
-0.002928
-0.020170
0.168356
-0.014352
-0.059837
0.131853
-0.079509
-0.034333
-0.001534
-0.090597
0.050383
-0.064397
0.050569
-0.017224
-0.080185
0.017532
-0.001879
-0.012941
0.108021
-0.009209
-0.038393
0.084600
-0.051015
-0.022029
-0.000984
-0.139694
0.077687
-0.099296
0.077974
-0.026558
-0.123640
0.027033
-0.002897
-0.019955
0.166561
-0.014199
-0.059199
0.130447
-0.078662
-0.033967
-0.001518
-0.109299
0.060784
-0.077691
0.061009
-0.020779
-0.096738
0.021151
-0.002266
-0.015613
0.130320
-0.011110
-0.046318
0.102064
-0.061546
-0.026576
-0.001187
-0.118898
0.066122
-0.084514
0.066366
-0.022604
-0.105233
0.023009
-0.002465
-0.016984
0.141765
-0.012085
-0.050386
0.111027
-0.066951
-0.028910
-0.001292
-0.080554
0.044798
-0.057258
0.044963
-0.015314
-0.071296
0.015588
-0.001670
-0.011507
0.096046
-0.008188
-0.034137
0.075221
-0.045360
-0.019587
-0.000875
-0.258301
0.143647
-0.183603
0.144178
-0.049107
-0.228616
0.049986
-0.005356
-0.036897
0.307979
-0.026255
-0.109462
0.241203
-0.145449
-0.062807
-0.002806
-0.272642
0.151622
-0.193797
0.152183
-0.051833
-0.241308
0.052761
-0.005653
-0.038946
0.325078
-0.027713
-0.115539
0.254595
-0.153524
-0.066294
-0.002962
-0.080556
0.044799
-0.057260
0.044964
-0.015315
-0.071298
0.015589
-0.001670
-0.011507
0.096049
-0.008188
-0.034138
0.075223
-0.045361
-0.019587
-0.000875
-0.233163
0.129667
-0.165735
0.130147
-0.044328
-0.206367
0.045121
-0.004835
-0.033306
0.278006
-0.023700
-0.098809
0.217729
-0.131294
-0.056694
-0.002533
