0.027550
0.082187
-0.124998
0.041596
-0.167029
0.054485
0.091374
-0.053625
-0.015418
0.155426
-0.015682
0.113237
0.009815
-0.031275
-0.029073
0.142129
0.021449
0.057970
-0.250724
-0.054760
-0.241819
-0.113904
0.006580
-0.081451
0.111892
0.079933
0.090710
0.121049
-0.107585
-0.062026
-0.036131
0.120736
-0.077871
0.016264
-0.176103
0.076173
-0.257442
-0.212403
-0.064673
-0.036975
0.117692
0.063563
0.057014
0.069966
-0.071584
-0.058758
-0.136995
0.157275
-0.221643
0.123260
-0.157546
0.123716
-0.042137
-0.196171
0.042892
-0.004596
-0.031661
0.264271
-0.022529
-0.093927
0.206971
-0.124807
-0.053893
-0.002408
