0.003058
-0.133419
0.036230
-0.043653
0.100221
-0.087057
-0.029713
0.011758
0.019980
-0.011084
-0.059115
-0.039456
-0.064819
-0.235307
0.009542
0.047456
0.035526
-0.132369
-0.014068
-0.053607
0.089364
0.006649
0.063337
-0.056734
-0.127905
-0.174018
-0.189195
-0.077344
0.038434
-0.172821
-0.001937
-0.064922
-0.025712
-0.173422
-0.085135
0.055623
0.078771
-0.066881
0.109709
-0.013607
-0.007197
-0.136362
-0.229144
-0.136396
0.001316
-0.213036
0.003815
-0.102917
-0.008710
0.003568
0.202564
0.111216
0.113796
-0.084549
0.276429
0.069050
-0.030197
-0.056111
-0.046872
-0.082755
-0.165685
-0.418050
0.015157
0.015154
