0.001018
-0.007851
0.002623
0.000384
0.000610
0.000295
-0.000005
0.000000
-0.000000
-0.000000
-0.000000
-0.000000
0.000000
0.000000
-0.000000
0.000000
-0.000326
-0.005757
0.003155
0.001013
0.001850
0.001109
-0.000120
0.000318
-0.000119
-0.000291
-0.000224
-0.000063
0.000017
0.000042
-0.000021
0.000008
0.009468
-0.008243
0.002625
0.000279
0.000517
0.000203
-0.000000
0.000000
-0.000000
-0.000000
-0.000000
-0.000000
0.000000
0.000000
-0.000000
0.000000
-0.003718
0.011871
-0.004821
-0.000887
-0.001832
-0.001019
0.000034
-0.000129
0.000052
0.000085
0.000000
0.000000
-0.000000
-0.000000
0.000000
-0.000000
0.005630
-0.006802
0.002566
0.000334
0.000752
0.000400
-0.000007
0.000050
-0.000015
-0.000000
-0.000000
-0.000000
0.000000
0.000000
-0.000000
0.000000
0.007663
-0.003764
0.001781
-0.000115
0.000443
0.000326
0.000027
0.000034
-0.000017
-0.000037
-0.000013
-0.000005
0.000000
0.000000
-0.000000
0.000000
-0.005583
0.001442
-0.000241
-0.000010
-0.000000
-0.000000
0.000000
-0.000000
0.000000
0.000000
0.000000
0.000000
-0.000000
-0.000000
0.000000
-0.000000
0.007129
-0.002833
0.000626
0.000046
0.000061
0.000000
-0.000000
0.000000
-0.000000
-0.000000
-0.000000
-0.000000
0.000000
0.000000
-0.000000
0.000000
-0.000067
0.000331
-0.000097
-0.000060
-0.000098
-0.000055
0.000003
-0.000009
0.000004
0.000004
0.000005
0.000000
-0.000000
-0.000000
0.000000
-0.000000
-0.002551
-0.001013
0.000370
0.000161
0.000188
0.000085
-0.000006
0.000013
-0.000004
-0.000000
-0.000000
-0.000000
0.000000
0.000000
-0.000000
0.000000
0.006747
-0.004556
0.001329
0.000117
0.000182
0.000059
-0.000000
0.000000
-0.000000
-0.000000
-0.000000
-0.000000
0.000000
0.000000
-0.000000
0.000000
-0.007900
0.004444
-0.001113
-0.000099
-0.000135
-0.000066
0.000000
-0.000000
0.000000
0.000000
0.000000
0.000000
-0.000000
-0.000000
0.000000
-0.000000
-0.006643
0.002910
-0.001384
0.000165
-0.000244
-0.000203
-0.000025
-0.000013
0.000010
0.000013
0.000007
0.000003
-0.000000
-0.000000
0.000000
-0.000000
0.000712
0.000080
-0.000036
-0.000011
-0.000013
-0.000004
0.000000
-0.000000
0.000000
0.000000
0.000000
0.000000
-0.000000
-0.000000
0.000000
-0.000000
-0.027183
0.009823
-0.002966
-0.000143
-0.000459
-0.000184
0.000002
-0.000000
0.000000
0.000000
0.000000
0.000000
-0.000000
-0.000000
0.000000
-0.000000
-0.004264
0.005337
-0.001344
-0.000147
-0.000109
-0.000000
0.000000
-0.000000
0.000000
0.000000
0.000000
0.000000
-0.000000
-0.000000
0.000000
-0.000000
0.002717
0.001374
-0.000478
-0.000363
-0.000426
-0.000210
0.000028
-0.000051
0.000014
0.000031
0.000018
0.000000
-0.000000
-0.000000
0.000000
-0.000000
-0.003671
0.002175
-0.001084
0.000127
-0.000184
-0.000161
-0.000022
-0.000009
0.000008
0.000012
0.000009
0.000002
-0.000000
-0.000000
0.000000
-0.000000
-0.009761
0.010703
-0.002787
-0.000310
-0.000388
-0.000000
0.000000
-0.000000
0.000000
0.000000
0.000000
0.000000
-0.000000
-0.000000
0.000000
-0.000000
-0.001382
-0.001944
0.000680
0.000151
0.000208
0.000099
-0.000003
0.000012
-0.000000
-0.000000
-0.000000
-0.000000
0.000000
0.000000
-0.000000
0.000000
0.014404
-0.012380
0.005408
0.000350
0.001736
0.001093
0.000009
0.000164
-0.000055
-0.000116
-0.000066
-0.000000
0.000000
0.000000
-0.000000
0.000000
-0.015396
0.005922
-0.001212
-0.000077
-0.000000
-0.000000
0.000000
-0.000000
0.000000
0.000000
0.000000
0.000000
-0.000000
-0.000000
0.000000
-0.000000
-0.007152
0.010191
-0.003705
-0.000516
-0.000996
-0.000487
0.000009
-0.000044
0.000000
0.000000
0.000000
0.000000
-0.000000
-0.000000
0.000000
-0.000000
0.010233
-0.010478
0.005152
0.000419
0.001737
0.001202
0.000011
0.000182
-0.000077
-0.000144
-0.000109
-0.000022
0.000000
0.000000
-0.000000
0.000000
0.006115
-0.005444
0.002131
0.000189
0.000535
0.000289
-0.000004
0.000035
-0.000011
-0.000000
-0.000000
-0.000000
0.000000
0.000000
-0.000000
0.000000
-0.006708
0.010135
-0.004751
-0.000470
-0.001451
-0.000861
0.000007
-0.000140
0.000045
0.000096
0.000054
0.000000
-0.000000
-0.000000
0.000000
-0.000000
0.003740
-0.006038
0.002435
0.000364
0.000843
0.000506
-0.000013
0.000061
-0.000025
-0.000041
-0.000000
-0.000000
0.000000
0.000000
-0.000000
0.000000
-0.000229
-0.000887
0.000456
0.000183
0.000293
0.000167
-0.000020
0.000047
-0.000016
-0.000037
-0.000028
-0.000009
0.000002
0.000004
-0.000004
0.000000
-0.008327
0.002826
-0.000517
-0.000037
-0.000000
-0.000000
0.000000
-0.000000
0.000000
0.000000
0.000000
0.000000
-0.000000
-0.000000
0.000000
-0.000000
0.002724
-0.002321
0.000423
0.000020
0.000000
0.000000
-0.000000
0.000000
-0.000000
-0.000000
-0.000000
-0.000000
0.000000
0.000000
-0.000000
0.000000
-0.007250
0.012976
-0.007019
-0.001047
-0.003384
-0.002273
0.000038
-0.000493
0.000223
0.000476
0.000405
0.000111
-0.000030
-0.000076
0.000038
-0.000015
-0.016635
0.011847
-0.002996
-0.000222
-0.000281
-0.000000
0.000000
-0.000000
0.000000
0.000000
0.000000
0.000000
-0.000000
-0.000000
0.000000
-0.000000
