-86856.000000
-260568.000000
397056.000000
-136488.000000
533544.000000
-173712.000000
-285384.000000
173712.000000
49632.000000
-496320.000000
49632.000000
-359832.000000
-37224.000000
99264.000000
86856.000000
-446688.000000
19278.000000
57834.000000
-88128.000000
30294.000000
-118422.000000
38556.000000
63342.000000
-38556.000000
-11016.000000
110160.000000
-11016.000000
79866.000000
8262.000000
-22032.000000
-19278.000000
99144.000000
-67760.000000
-203280.000000
309760.000000
-106480.000000
416240.000000
-135520.000000
-222640.000000
135520.000000
38720.000000
-387200.000000
38720.000000
-280720.000000
-29040.000000
77440.000000
67760.000000
-348480.000000
-24304.000000
-72912.000000
111104.000000
-38192.000000
149296.000000
-48608.000000
-79856.000000
48608.000000
13888.000000
-138880.000000
13888.000000
-100688.000000
-10416.000000
27776.000000
24304.000000
-124992.000000
-19285.000000
-57855.000000
88160.000000
-30305.000000
118465.000000
-38570.000000
-63365.000000
38570.000000
11020.000000
-110200.000000
11020.000000
-79895.000000
-8265.000000
22040.000000
19285.000000
-99180.000000
854.000000
2562.000000
-3904.000000
1342.000000
-5246.000000
1708.000000
2806.000000
-1708.000000
-488.000000
4880.000000
-488.000000
3538.000000
366.000000
-976.000000
-854.000000
4392.000000
148288.000000
444864.000000
-677888.000000
233024.000000
-910912.000000
296576.000000
487232.000000
-296576.000000
-84736.000000
847360.000000
-84736.000000
614336.000000
63552.000000
-169472.000000
-148288.000000
762624.000000
-57246.000000
-171738.000000
261696.000000
-89958.000000
351654.000000
-114492.000000
-188094.000000
114492.000000
32712.000000
-327120.000000
32712.000000
-237162.000000
-24534.000000
65424.000000
57246.000000
-294408.000000
-18816.000000
-56448.000000
86016.000000
-29568.000000
115584.000000
-37632.000000
-61824.000000
37632.000000
10752.000000
-107520.000000
10752.000000
-77952.000000
-8064.000000
21504.000000
18816.000000
-96768.000000
-23667.000000
-71001.000000
108192.000000
-37191.000000
145383.000000
-47334.000000
-77763.000000
47334.000000
13524.000000
-135240.000000
13524.000000
-98049.000000
-10143.000000
27048.000000
23667.000000
-121716.000000
-44660.000000
-133980.000000
204160.000000
-70180.000000
274340.000000
-89320.000000
-146740.000000
89320.000000
25520.000000
-255200.000000
25520.000000
-185020.000000
-19140.000000
51040.000000
44660.000000
-229680.000000
-1582.000000
-4746.000000
7232.000000
-2486.000000
9718.000000
-3164.000000
-5198.000000
3164.000000
904.000000
-9040.000000
904.000000
-6554.000000
-678.000000
1808.000000
1582.000000
-8136.000000
25480.000000
76440.000000
-116480.000000
40040.000000
-156520.000000
50960.000000
83720.000000
-50960.000000
-14560.000000
145600.000000
-14560.000000
105560.000000
10920.000000
-29120.000000
-25480.000000
131040.000000
-88452.000000
-265356.000000
404352.000000
-138996.000000
543348.000000
-176904.000000
-290628.000000
176904.000000
50544.000000
-505440.000000
50544.000000
-366444.000000
-37908.000000
101088.000000
88452.000000
-454896.000000
17836.000000
53508.000000
-81536.000000
28028.000000
-109564.000000
35672.000000
58604.000000
-35672.000000
-10192.000000
101920.000000
-10192.000000
73892.000000
7644.000000
-20384.000000
-17836.000000
91728.000000
88172.000000
264516.000000
-403072.000000
138556.000000
-541628.000000
176344.000000
289708.000000
-176344.000000
-50384.000000
503840.000000
-50384.000000
365284.000000
37788.000000
-100768.000000
-88172.000000
453456.000000
-14616.000000
-43848.000000
66816.000000
-22968.000000
89784.000000
-29232.000000
-48024.000000
29232.000000
8352.000000
-83520.000000
8352.000000
-60552.000000
-6264.000000
16704.000000
14616.000000
-75168.000000
48048.000000
144144.000000
-219648.000000
75504.000000
-295152.000000
96096.000000
157872.000000
-96096.000000
-27456.000000
274560.000000
-27456.000000
199056.000000
20592.000000
-54912.000000
-48048.000000
247104.000000
32585.000000
97755.000000
-148960.000000
51205.000000
-200165.000000
65170.000000
107065.000000
-65170.000000
-18620.000000
186200.000000
-18620.000000
134995.000000
13965.000000
-37240.000000
-32585.000000
167580.000000
-22743.000000
-68229.000000
103968.000000
-35739.000000
139707.000000
-45486.000000
-74727.000000
45486.000000
12996.000000
-129960.000000
12996.000000
-94221.000000
-9747.000000
25992.000000
22743.000000
-116964.000000
-42504.000000
-127512.000000
194304.000000
-66792.000000
261096.000000
-85008.000000
-139656.000000
85008.000000
24288.000000
-242880.000000
24288.000000
-176088.000000
-18216.000000
48576.000000
42504.000000
-218592.000000
129332.000000
387996.000000
-591232.000000
203236.000000
-794468.000000
258664.000000
424948.000000
-258664.000000
-73904.000000
739040.000000
-73904.000000
535804.000000
55428.000000
-147808.000000
-129332.000000
665136.000000
4536.000000
13608.000000
-20736.000000
7128.000000
-27864.000000
9072.000000
14904.000000
-9072.000000
-2592.000000
25920.000000
-2592.000000
18792.000000
1944.000000
-5184.000000
-4536.000000
23328.000000
-15708.000000
-47124.000000
71808.000000
-24684.000000
96492.000000
-31416.000000
-51612.000000
31416.000000
8976.000000
-89760.000000
8976.000000
-65076.000000
-6732.000000
17952.000000
15708.000000
-80784.000000
-47068.000000
-141204.000000
215168.000000
-73964.000000
289132.000000
-94136.000000
-154652.000000
94136.000000
26896.000000
-268960.000000
26896.000000
-194996.000000
-20172.000000
53792.000000
47068.000000
-242064.000000
32508.000000
97524.000000
-148608.000000
51084.000000
-199692.000000
65016.000000
106812.000000
-65016.000000
-18576.000000
185760.000000
-18576.000000
134676.000000
13932.000000
-37152.000000
-32508.000000
167184.000000
-2898.000000
-8694.000000
13248.000000
-4554.000000
17802.000000
-5796.000000
-9522.000000
5796.000000
1656.000000
-16560.000000
1656.000000
-12006.000000
-1242.000000
3312.000000
2898.000000
-14904.000000
11067.000000
33201.000000
-50592.000000
17391.000000
-67983.000000
22134.000000
36363.000000
-22134.000000
-6324.000000
63240.000000
-6324.000000
45849.000000
4743.000000
-12648.000000
-11067.000000
56916.000000
35224.000000
105672.000000
-161024.000000
55352.000000
-216376.000000
70448.000000
115736.000000
-70448.000000
-20128.000000
201280.000000
-20128.000000
145928.000000
15096.000000
-40256.000000
-35224.000000
181152.000000
30968.000000
92904.000000
-141568.000000
48664.000000
-190232.000000
61936.000000
101752.000000
-61936.000000
-17696.000000
176960.000000
-17696.000000
128296.000000
13272.000000
-35392.000000
-30968.000000
159264.000000
25536.000000
76608.000000
-116736.000000
40128.000000
-156864.000000
51072.000000
83904.000000
-51072.000000
-14592.000000
145920.000000
-14592.000000
105792.000000
10944.000000
-29184.000000
-25536.000000
131328.000000
80668.000000
242004.000000
-368768.000000
126764.000000
-495532.000000
161336.000000
265052.000000
-161336.000000
-46096.000000
460960.000000
-46096.000000
334196.000000
34572.000000
-92192.000000
-80668.000000
414864.000000
-52360.000000
-157080.000000
670208.000000
146608.000000
649264.000000
303688.000000
-20944.000000
219912.000000
-303688.000000
-209440.000000
-240856.000000
-324632.000000
293216.000000
167552.000000
94248.000000
-324632.000000
-10000.000000
-30000.000000
128000.000000
28000.000000
124000.000000
58000.000000
-4000.000000
42000.000000
-58000.000000
-40000.000000
-46000.000000
-62000.000000
56000.000000
32000.000000
18000.000000
-62000.000000
-51980.000000
-155940.000000
665344.000000
145544.000000
644552.000000
301484.000000
-20792.000000
218316.000000
-301484.000000
-207920.000000
-239108.000000
-322276.000000
291088.000000
166336.000000
93564.000000
-322276.000000
6000.000000
18000.000000
-76800.000000
-16800.000000
-74400.000000
-34800.000000
2400.000000
-25200.000000
34800.000000
24000.000000
27600.000000
37200.000000
-33600.000000
-19200.000000
-10800.000000
37200.000000
-1420.000000
-4260.000000
18176.000000
3976.000000
17608.000000
8236.000000
-568.000000
5964.000000
-8236.000000
-5680.000000
-6532.000000
-8804.000000
7952.000000
4544.000000
2556.000000
-8804.000000
-11780.000000
-35340.000000
150784.000000
32984.000000
146072.000000
68324.000000
-4712.000000
49476.000000
-68324.000000
-47120.000000
-54188.000000
-73036.000000
65968.000000
37696.000000
21204.000000
-73036.000000
-10080.000000
-30240.000000
129024.000000
28224.000000
124992.000000
58464.000000
-4032.000000
42336.000000
-58464.000000
-40320.000000
-46368.000000
-62496.000000
56448.000000
32256.000000
18144.000000
-62496.000000
-93390.000000
-280170.000000
1195392.000000
261492.000000
1158036.000000
541662.000000
-37356.000000
392238.000000
-541662.000000
-373560.000000
-429594.000000
-579018.000000
522984.000000
298848.000000
168102.000000
-579018.000000
-10880.000000
-32640.000000
139264.000000
30464.000000
134912.000000
63104.000000
-4352.000000
45696.000000
-63104.000000
-43520.000000
-50048.000000
-67456.000000
60928.000000
34816.000000
19584.000000
-67456.000000
2205.000000
6615.000000
-28224.000000
-6174.000000
-27342.000000
-12789.000000
882.000000
-9261.000000
12789.000000
8820.000000
10143.000000
13671.000000
-12348.000000
-7056.000000
-3969.000000
13671.000000
-36465.000000
-109395.000000
466752.000000
102102.000000
452166.000000
211497.000000
-14586.000000
153153.000000
-211497.000000
-145860.000000
-167739.000000
-226083.000000
204204.000000
116688.000000
65637.000000
-226083.000000
17840.000000
53520.000000
-228352.000000
-49952.000000
-221216.000000
-103472.000000
7136.000000
-74928.000000
103472.000000
71360.000000
82064.000000
110608.000000
-99904.000000
-57088.000000
-32112.000000
110608.000000
21945.000000
65835.000000
-280896.000000
-61446.000000
-272118.000000
-127281.000000
8778.000000
-92169.000000
127281.000000
87780.000000
100947.000000
136059.000000
-122892.000000
-70224.000000
-39501.000000
136059.000000
-56025.000000
-168075.000000
717120.000000
156870.000000
694710.000000
324945.000000
-22410.000000
235305.000000
-324945.000000
-224100.000000
-257715.000000
-347355.000000
313740.000000
179280.000000
100845.000000
-347355.000000
76630.000000
229890.000000
-980864.000000
-214564.000000
-950212.000000
-444454.000000
30652.000000
-321846.000000
444454.000000
306520.000000
352498.000000
475106.000000
-429128.000000
-245216.000000
-137934.000000
475106.000000
1360.000000
4080.000000
-17408.000000
-3808.000000
-16864.000000
-7888.000000
544.000000
-5712.000000
7888.000000
5440.000000
6256.000000
8432.000000
-7616.000000
-4352.000000
-2448.000000
8432.000000
-9775.000000
-29325.000000
125120.000000
27370.000000
121210.000000
56695.000000
-3910.000000
41055.000000
-56695.000000
-39100.000000
-44965.000000
-60605.000000
54740.000000
31280.000000
17595.000000
-60605.000000
8670.000000
26010.000000
-110976.000000
-24276.000000
-107508.000000
-50286.000000
3468.000000
-36414.000000
50286.000000
34680.000000
39882.000000
53754.000000
-48552.000000
-27744.000000
-15606.000000
53754.000000
12300.000000
36900.000000
-157440.000000
-34440.000000
-152520.000000
-71340.000000
4920.000000
-51660.000000
71340.000000
49200.000000
56580.000000
76260.000000
-68880.000000
-39360.000000
-22140.000000
76260.000000
6800.000000
20400.000000
-87040.000000
-19040.000000
-84320.000000
-39440.000000
2720.000000
-28560.000000
39440.000000
27200.000000
31280.000000
42160.000000
-38080.000000
-21760.000000
-12240.000000
42160.000000
-45560.000000
-136680.000000
583168.000000
127568.000000
564944.000000
264248.000000
-18224.000000
191352.000000
-264248.000000
-182240.000000
-209576.000000
-282472.000000
255136.000000
145792.000000
82008.000000
-282472.000000
116220.000000
348660.000000
-1487616.000000
-325416.000000
-1441128.000000
-674076.000000
46488.000000
-488124.000000
674076.000000
464880.000000
534612.000000
720564.000000
-650832.000000
-371904.000000
-209196.000000
720564.000000
13685.000000
41055.000000
-175168.000000
-38318.000000
-169694.000000
-79373.000000
5474.000000
-57477.000000
79373.000000
54740.000000
62951.000000
84847.000000
-76636.000000
-43792.000000
-24633.000000
84847.000000
-25000.000000
-75000.000000
320000.000000
70000.000000
310000.000000
145000.000000
-10000.000000
105000.000000
-145000.000000
-100000.000000
-115000.000000
-155000.000000
140000.000000
80000.000000
45000.000000
-155000.000000
-46760.000000
-140280.000000
598528.000000
130928.000000
579824.000000
271208.000000
-18704.000000
196392.000000
-271208.000000
-187040.000000
-215096.000000
-289912.000000
261856.000000
149632.000000
84168.000000
-289912.000000
110040.000000
330120.000000
-1408512.000000
-308112.000000
-1364496.000000
-638232.000000
44016.000000
-462168.000000
638232.000000
440160.000000
506184.000000
682248.000000
-616224.000000
-352128.000000
-198072.000000
682248.000000
2070.000000
6210.000000
-26496.000000
-5796.000000
-25668.000000
-12006.000000
828.000000
-8694.000000
12006.000000
8280.000000
9522.000000
12834.000000
-11592.000000
-6624.000000
-3726.000000
12834.000000
-1860.000000
-5580.000000
23808.000000
5208.000000
23064.000000
10788.000000
-744.000000
7812.000000
-10788.000000
-7440.000000
-8556.000000
-11532.000000
10416.000000
5952.000000
3348.000000
-11532.000000
102900.000000
308700.000000
-1317120.000000
-288120.000000
-1275960.000000
-596820.000000
41160.000000
-432180.000000
596820.000000
411600.000000
473340.000000
637980.000000
-576240.000000
-329280.000000
-185220.000000
637980.000000
79500.000000
238500.000000
-1017600.000000
-222600.000000
-985800.000000
-461100.000000
31800.000000
-333900.000000
461100.000000
318000.000000
365700.000000
492900.000000
-445200.000000
-254400.000000
-143100.000000
492900.000000
8415.000000
25245.000000
-107712.000000
-23562.000000
-104346.000000
-48807.000000
3366.000000
-35343.000000
48807.000000
33660.000000
38709.000000
52173.000000
-47124.000000
-26928.000000
-15147.000000
52173.000000
37380.000000
112140.000000
-478464.000000
-104664.000000
-463512.000000
-216804.000000
14952.000000
-156996.000000
216804.000000
149520.000000
171948.000000
231756.000000
-209328.000000
-119616.000000
-67284.000000
231756.000000
-280645.000000
171125.000000
-219040.000000
171125.000000
-102675.000000
-451770.000000
-342250.000000
164280.000000
219040.000000
260110.000000
239575.000000
-61605.000000
13690.000000
-212195.000000
-232730.000000
-27380.000000
-107338.000000
65450.000000
-83776.000000
65450.000000
-39270.000000
-172788.000000
-130900.000000
62832.000000
83776.000000
99484.000000
91630.000000
-23562.000000
5236.000000
-81158.000000
-89012.000000
-10472.000000
361046.000000
-220150.000000
281792.000000
-220150.000000
132090.000000
581196.000000
440300.000000
-211344.000000
-281792.000000
-334628.000000
-308210.000000
79254.000000
-17612.000000
272986.000000
299404.000000
35224.000000
140220.000000
-85500.000000
109440.000000
-85500.000000
51300.000000
225720.000000
171000.000000
-82080.000000
-109440.000000
-129960.000000
-119700.000000
30780.000000
-6840.000000
106020.000000
116280.000000
13680.000000
111520.000000
-68000.000000
87040.000000
-68000.000000
40800.000000
179520.000000
136000.000000
-65280.000000
-87040.000000
-103360.000000
-95200.000000
24480.000000
-5440.000000
84320.000000
92480.000000
10880.000000
251904.000000
-153600.000000
196608.000000
-153600.000000
92160.000000
405504.000000
307200.000000
-147456.000000
-196608.000000
-233472.000000
-215040.000000
55296.000000
-12288.000000
190464.000000
208896.000000
24576.000000
-754031.000000
459775.000000
-588512.000000
459775.000000
-275865.000000
-1213806.000000
-919550.000000
441384.000000
588512.000000
698858.000000
643685.000000
-165519.000000
36782.000000
-570121.000000
-625294.000000
-73564.000000
647185.000000
-394625.000000
505120.000000
-394625.000000
236775.000000
1041810.000000
789250.000000
-378840.000000
-505120.000000
-599830.000000
-552475.000000
142065.000000
-31570.000000
489335.000000
536690.000000
63140.000000
26240.000000
-16000.000000
20480.000000
-16000.000000
9600.000000
42240.000000
32000.000000
-15360.000000
-20480.000000
-24320.000000
-22400.000000
5760.000000
-1280.000000
19840.000000
21760.000000
2560.000000
-167608.000000
102200.000000
-130816.000000
102200.000000
-61320.000000
-269808.000000
-204400.000000
98112.000000
130816.000000
155344.000000
143080.000000
-36792.000000
8176.000000
-126728.000000
-138992.000000
-16352.000000
347434.000000
-211850.000000
271168.000000
-211850.000000
127110.000000
559284.000000
423700.000000
-203376.000000
-271168.000000
-322012.000000
-296590.000000
76266.000000
-16948.000000
262694.000000
288116.000000
33896.000000
-462644.000000
282100.000000
-361088.000000
282100.000000
-169260.000000
-744744.000000
-564200.000000
270816.000000
361088.000000
428792.000000
394940.000000
-101556.000000
22568.000000
-349804.000000
-383656.000000
-45136.000000
-256168.000000
156200.000000
-199936.000000
156200.000000
-93720.000000
-412368.000000
-312400.000000
149952.000000
199936.000000
237424.000000
218680.000000
-56232.000000
12496.000000
-193688.000000
-212432.000000
-24992.000000
118162.000000
-72050.000000
92224.000000
-72050.000000
43230.000000
190212.000000
144100.000000
-69168.000000
-92224.000000
-109516.000000
-100870.000000
25938.000000
-5764.000000
89342.000000
97988.000000
11528.000000
-1791700.000000
1092500.000000
-1398400.000000
1092500.000000
-655500.000000
-2884200.000000
-2185000.000000
1048800.000000
1398400.000000
1660600.000000
1529500.000000
-393300.000000
87400.000000
-1354700.000000
-1485800.000000
-174800.000000
46084.000000
-28100.000000
35968.000000
-28100.000000
16860.000000
74184.000000
56200.000000
-26976.000000
-35968.000000
-42712.000000
-39340.000000
10116.000000
-2248.000000
34844.000000
38216.000000
4496.000000
168264.000000
-102600.000000
131328.000000
-102600.000000
61560.000000
270864.000000
205200.000000
-98496.000000
-131328.000000
-155952.000000
-143640.000000
36936.000000
-8208.000000
127224.000000
139536.000000
16416.000000
-151126.000000
92150.000000
-117952.000000
92150.000000
-55290.000000
-243276.000000
-184300.000000
88464.000000
117952.000000
140068.000000
129010.000000
-33174.000000
7372.000000
-114266.000000
-125324.000000
-14744.000000
-101680.000000
62000.000000
-79360.000000
62000.000000
-37200.000000
-163680.000000
-124000.000000
59520.000000
79360.000000
94240.000000
86800.000000
-22320.000000
4960.000000
-76880.000000
-84320.000000
-9920.000000
-185976.000000
113400.000000
-145152.000000
113400.000000
-68040.000000
-299376.000000
-226800.000000
108864.000000
145152.000000
172368.000000
158760.000000
-40824.000000
9072.000000
-140616.000000
-154224.000000
-18144.000000
416273.000000
-253825.000000
324896.000000
-253825.000000
152295.000000
670098.000000
507650.000000
-243672.000000
-324896.000000
-385814.000000
-355355.000000
91377.000000
-20306.000000
314743.000000
345202.000000
40612.000000
-1544634.000000
941850.000000
-1205568.000000
941850.000000
-565110.000000
-2486484.000000
-1883700.000000
904176.000000
1205568.000000
1431612.000000
1318590.000000
-339066.000000
75348.000000
-1167894.000000
-1280916.000000
-150696.000000
-78228.000000
47700.000000
-61056.000000
47700.000000
-28620.000000
-125928.000000
-95400.000000
45792.000000
61056.000000
72504.000000
66780.000000
-17172.000000
3816.000000
-59148.000000
-64872.000000
-7632.000000
241490.000000
-147250.000000
188480.000000
-147250.000000
88350.000000
388740.000000
294500.000000
-141360.000000
-188480.000000
-223820.000000
-206150.000000
53010.000000
-11780.000000
182590.000000
200260.000000
23560.000000
226976.000000
-138400.000000
177152.000000
-138400.000000
83040.000000
365376.000000
276800.000000
-132864.000000
-177152.000000
-210368.000000
-193760.000000
49824.000000
-11072.000000
171616.000000
188224.000000
22144.000000
-185361.000000
113025.000000
-144672.000000
113025.000000
-67815.000000
-298386.000000
-226050.000000
108504.000000
144672.000000
171798.000000
158235.000000
-40689.000000
9042.000000
-140151.000000
-153714.000000
-18084.000000
22960.000000
-14000.000000
17920.000000
-14000.000000
8400.000000
36960.000000
28000.000000
-13440.000000
-17920.000000
-21280.000000
-19600.000000
5040.000000
-1120.000000
17360.000000
19040.000000
2240.000000
-30176.000000
18400.000000
-23552.000000
18400.000000
-11040.000000
-48576.000000
-36800.000000
17664.000000
23552.000000
27968.000000
25760.000000
-6624.000000
1472.000000
-22816.000000
-25024.000000
-2944.000000
-974980.000000
594500.000000
-760960.000000
594500.000000
-356700.000000
-1569480.000000
-1189000.000000
570720.000000
760960.000000
903640.000000
832300.000000
-214020.000000
47560.000000
-737180.000000
-808520.000000
-95120.000000
-0.000000
0.000000
-0.000000
0.000000
-0.000000
-0.000000
-0.000000
0.000000
0.000000
0.000000
0.000000
-0.000000
0.000000
-0.000000
-0.000000
-0.000000
-64575.000000
39375.000000
-50400.000000
39375.000000
-23625.000000
-103950.000000
-78750.000000
37800.000000
50400.000000
59850.000000
55125.000000
-14175.000000
3150.000000
-48825.000000
-53550.000000
-6300.000000
-684495.000000
417375.000000
-534240.000000
417375.000000
-250425.000000
-1101870.000000
-834750.000000
400680.000000
534240.000000
634410.000000
584325.000000
-150255.000000
33390.000000
-517545.000000
-567630.000000
-66780.000000
192528.000000
-598976.000000
417144.000000
117656.000000
438536.000000
427840.000000
-21392.000000
192528.000000
-117656.000000
-385056.000000
-438536.000000
-181832.000000
64176.000000
246008.000000
-246008.000000
96264.000000
71208.000000
-221536.000000
154284.000000
43516.000000
162196.000000
158240.000000
-7912.000000
71208.000000
-43516.000000
-142416.000000
-162196.000000
-67252.000000
23736.000000
90988.000000
-90988.000000
35604.000000
193662.000000
-602504.000000
419601.000000
118349.000000
441119.000000
430360.000000
-21518.000000
193662.000000
-118349.000000
-387324.000000
-441119.000000
-182903.000000
64554.000000
247457.000000
-247457.000000
96831.000000
-183312.000000
570304.000000
-397176.000000
-112024.000000
-417544.000000
-407360.000000
20368.000000
-183312.000000
112024.000000
366624.000000
417544.000000
173128.000000
-61104.000000
-234232.000000
234232.000000
-91656.000000
108108.000000
-336336.000000
234234.000000
66066.000000
246246.000000
240240.000000
-12012.000000
108108.000000
-66066.000000
-216216.000000
-246246.000000
-102102.000000
36036.000000
138138.000000
-138138.000000
54054.000000
24840.000000
-77280.000000
53820.000000
15180.000000
56580.000000
55200.000000
-2760.000000
24840.000000
-15180.000000
-49680.000000
-56580.000000
-23460.000000
8280.000000
31740.000000
-31740.000000
12420.000000
-73242.000000
227864.000000
-158691.000000
-44759.000000
-166829.000000
-162760.000000
8138.000000
-73242.000000
44759.000000
146484.000000
166829.000000
69173.000000
-24414.000000
-93587.000000
93587.000000
-36621.000000
114264.000000
-355488.000000
247572.000000
69828.000000
260268.000000
253920.000000
-12696.000000
114264.000000
-69828.000000
-228528.000000
-260268.000000
-107916.000000
38088.000000
146004.000000
-146004.000000
57132.000000
-9216.000000
28672.000000
-19968.000000
-5632.000000
-20992.000000
-20480.000000
1024.000000
-9216.000000
5632.000000
18432.000000
20992.000000
8704.000000
-3072.000000
-11776.000000
11776.000000
-4608.000000
26820.000000
-83440.000000
58110.000000
16390.000000
61090.000000
59600.000000
-2980.000000
26820.000000
-16390.000000
-53640.000000
-61090.000000
-25330.000000
8940.000000
34270.000000
-34270.000000
13410.000000
113796.000000
-354032.000000
246558.000000
69542.000000
259202.000000
252880.000000
-12644.000000
113796.000000
-69542.000000
-227592.000000
-259202.000000
-107474.000000
37932.000000
145406.000000
-145406.000000
56898.000000
-126900.000000
394800.000000
-274950.000000
-77550.000000
-289050.000000
-282000.000000
14100.000000
-126900.000000
77550.000000
253800.000000
289050.000000
119850.000000
-42300.000000
-162150.000000
162150.000000
-63450.000000
-12744.000000
39648.000000
-27612.000000
-7788.000000
-29028.000000
-28320.000000
1416.000000
-12744.000000
7788.000000
25488.000000
29028.000000
12036.000000
-4248.000000
-16284.000000
16284.000000
-6372.000000
-8100.000000
25200.000000
-17550.000000
-4950.000000
-18450.000000
-18000.000000
900.000000
-8100.000000
4950.000000
16200.000000
18450.000000
7650.000000
-2700.000000
-10350.000000
10350.000000
-4050.000000
-167256.000000
520352.000000
-362388.000000
-102212.000000
-380972.000000
-371680.000000
18584.000000
-167256.000000
102212.000000
334512.000000
380972.000000
157964.000000
-55752.000000
-213716.000000
213716.000000
-83628.000000
-205740.000000
640080.000000
-445770.000000
-125730.000000
-468630.000000
-457200.000000
22860.000000
-205740.000000
125730.000000
411480.000000
468630.000000
194310.000000
-68580.000000
-262890.000000
262890.000000
-102870.000000
-34272.000000
106624.000000
-74256.000000
-20944.000000
-78064.000000
-76160.000000
3808.000000
-34272.000000
20944.000000
68544.000000
78064.000000
32368.000000
-11424.000000
-43792.000000
43792.000000
-17136.000000
-8064.000000
25088.000000
-17472.000000
-4928.000000
-18368.000000
-17920.000000
896.000000
-8064.000000
4928.000000
16128.000000
18368.000000
7616.000000
-2688.000000
-10304.000000
10304.000000
-4032.000000
-365904.000000
1138368.000000
-792792.000000
-223608.000000
-833448.000000
-813120.000000
40656.000000
-365904.000000
223608.000000
731808.000000
833448.000000
345576.000000
-121968.000000
-467544.000000
467544.000000
-182952.000000
50112.000000
-155904.000000
108576.000000
30624.000000
114144.000000
111360.000000
-5568.000000
50112.000000
-30624.000000
-100224.000000
-114144.000000
-47328.000000
16704.000000
64032.000000
-64032.000000
25056.000000
122976.000000
-382592.000000
266448.000000
75152.000000
280112.000000
273280.000000
-13664.000000
122976.000000
-75152.000000
-245952.000000
-280112.000000
-116144.000000
40992.000000
157136.000000
-157136.000000
61488.000000
-282384.000000
878528.000000
-611832.000000
-172568.000000
-643208.000000
-627520.000000
31376.000000
-282384.000000
172568.000000
564768.000000
643208.000000
266696.000000
-94128.000000
-360824.000000
360824.000000
-141192.000000
-187110.000000
582120.000000
-405405.000000
-114345.000000
-426195.000000
-415800.000000
20790.000000
-187110.000000
114345.000000
374220.000000
426195.000000
176715.000000
-62370.000000
-239085.000000
239085.000000
-93555.000000
101898.000000
-317016.000000
220779.000000
62271.000000
232101.000000
226440.000000
-11322.000000
101898.000000
-62271.000000
-203796.000000
-232101.000000
-96237.000000
33966.000000
130203.000000
-130203.000000
50949.000000
75330.000000
-234360.000000
163215.000000
46035.000000
171585.000000
167400.000000
-8370.000000
75330.000000
-46035.000000
-150660.000000
-171585.000000
-71145.000000
25110.000000
96255.000000
-96255.000000
37665.000000
-102366.000000
318472.000000
-221793.000000
-62557.000000
-233167.000000
-227480.000000
11374.000000
-102366.000000
62557.000000
204732.000000
233167.000000
96679.000000
-34122.000000
-130801.000000
130801.000000
-51183.000000
88128.000000
-274176.000000
190944.000000
53856.000000
200736.000000
195840.000000
-9792.000000
88128.000000
-53856.000000
-176256.000000
-200736.000000
-83232.000000
29376.000000
112608.000000
-112608.000000
44064.000000
13536.000000
-42112.000000
29328.000000
8272.000000
30832.000000
30080.000000
-1504.000000
13536.000000
-8272.000000
-27072.000000
-30832.000000
-12784.000000
4512.000000
17296.000000
-17296.000000
6768.000000
-136350.000000
424200.000000
-295425.000000
-83325.000000
-310575.000000
-303000.000000
15150.000000
-136350.000000
83325.000000
272700.000000
310575.000000
128775.000000
-45450.000000
-174225.000000
174225.000000
-68175.000000
139950.000000
-435400.000000
303225.000000
85525.000000
318775.000000
311000.000000
-15550.000000
139950.000000
-85525.000000
-279900.000000
-318775.000000
-132175.000000
46650.000000
178825.000000
-178825.000000
69975.000000
-126846.000000
394632.000000
-274833.000000
-77517.000000
-288927.000000
-281880.000000
14094.000000
-126846.000000
77517.000000
253692.000000
288927.000000
119799.000000
-42282.000000
-162081.000000
162081.000000
-63423.000000
-528768.000000
1645056.000000
-1145664.000000
-323136.000000
-1204416.000000
-1175040.000000
58752.000000
-528768.000000
323136.000000
1057536.000000
1204416.000000
499392.000000
-176256.000000
-675648.000000
675648.000000
-264384.000000
