-116.000000
23.000000
-262.000000
116.000000
-384.000000
-314.000000
-99.000000
-52.000000
174.000000
93.000000
87.000000
105.000000
-105.000000
-87.000000
-203.000000
233.000000
-99.000000
20.000000
-222.000000
99.000000
-326.000000
-267.000000
-84.000000
-44.000000
148.000000
79.000000
74.000000
89.000000
-89.000000
-74.000000
-173.000000
198.000000
668.000000
-134.000000
1502.000000
-668.000000
2204.000000
1803.000000
568.000000
300.000000
-1002.000000
-534.000000
-501.000000
-601.000000
601.000000
501.000000
1169.000000
-1335.000000
194.000000
-39.000000
436.000000
-194.000000
639.000000
523.000000
165.000000
87.000000
-290.000000
-155.000000
-145.000000
-174.000000
174.000000
145.000000
339.000000
-387.000000
-22.000000
4.000000
-49.000000
22.000000
-72.000000
-59.000000
-18.000000
-10.000000
33.000000
17.000000
16.000000
20.000000
-20.000000
-16.000000
-38.000000
43.000000
532.000000
-106.000000
1196.000000
-532.000000
1754.000000
1435.000000
452.000000
239.000000
-797.000000
-425.000000
-399.000000
-478.000000
478.000000
399.000000
930.000000
-1063.000000
-1279.000000
256.000000
-2877.000000
1279.000000
-4220.000000
-3453.000000
-1087.000000
-575.000000
1918.000000
1023.000000
959.000000
1151.000000
-1151.000000
-959.000000
-2238.000000
2558.000000
1470.000000
-294.000000
3306.000000
-1470.000000
4849.000000
3968.000000
1249.000000
661.000000
-2204.000000
-1176.000000
-1102.000000
-1323.000000
1323.000000
1102.000000
2572.000000
-2939.000000
-90.000000
18.000000
-203.000000
90.000000
-297.000000
-243.000000
-77.000000
-41.000000
135.000000
72.000000
68.000000
81.000000
-81.000000
-68.000000
-158.000000
180.000000
-80.000000
16.000000
-180.000000
80.000000
-263.000000
-216.000000
-68.000000
-36.000000
120.000000
64.000000
60.000000
72.000000
-72.000000
-60.000000
-140.000000
160.000000
607.000000
-121.000000
1366.000000
-607.000000
2003.000000
1639.000000
516.000000
273.000000
-911.000000
-486.000000
-455.000000
-546.000000
546.000000
455.000000
1062.000000
-1214.000000
-604.000000
121.000000
-1360.000000
604.000000
-1994.000000
-1632.000000
-514.000000
-272.000000
906.000000
483.000000
453.000000
544.000000
-544.000000
-453.000000
-1058.000000
1209.000000
-546.000000
109.000000
-1228.000000
546.000000
-1801.000000
-1474.000000
-464.000000
-246.000000
819.000000
437.000000
409.000000
491.000000
-491.000000
-409.000000
-955.000000
1092.000000
536.000000
-107.000000
1206.000000
-536.000000
1768.000000
1447.000000
455.000000
241.000000
-804.000000
-429.000000
-402.000000
-482.000000
482.000000
402.000000
938.000000
-1072.000000
-1560.000000
312.000000
-3510.000000
1560.000000
-5148.000000
-4212.000000
-1326.000000
-702.000000
2340.000000
1248.000000
1170.000000
1404.000000
-1404.000000
-1170.000000
-2730.000000
3120.000000
151.000000
-30.000000
340.000000
-151.000000
498.000000
408.000000
128.000000
68.000000
-226.000000
-121.000000
-113.000000
-136.000000
136.000000
113.000000
264.000000
-302.000000
332.000000
-66.000000
748.000000
-332.000000
1097.000000
898.000000
283.000000
150.000000
-499.000000
-266.000000
-249.000000
-299.000000
299.000000
249.000000
582.000000
-665.000000
-617.000000
123.000000
-1389.000000
617.000000
-2037.000000
-1666.000000
-525.000000
-278.000000
926.000000
494.000000
463.000000
555.000000
-555.000000
-463.000000
-1080.000000
1234.000000
-444.000000
89.000000
-999.000000
444.000000
-1465.000000
-1198.000000
-377.000000
-200.000000
666.000000
355.000000
333.000000
399.000000
-399.000000
-333.000000
-777.000000
888.000000
-120.000000
24.000000
-269.000000
120.000000
-394.000000
-323.000000
-102.000000
-54.000000
179.000000
96.000000
90.000000
108.000000
-108.000000
-90.000000
-209.000000
239.000000
755.000000
-151.000000
1698.000000
-755.000000
2490.000000
2038.000000
641.000000
340.000000
-1132.000000
-604.000000
-566.000000
-679.000000
679.000000
566.000000
1321.000000
-1509.000000
-2710.000000
542.000000
-6097.000000
2710.000000
-8942.000000
-7316.000000
-2303.000000
-1219.000000
4065.000000
2168.000000
2032.000000
2439.000000
-2439.000000
-2032.000000
-4742.000000
5419.000000
-25.000000
5.000000
-56.000000
25.000000
-83.000000
-68.000000
-21.000000
-11.000000
38.000000
20.000000
19.000000
23.000000
-23.000000
-19.000000
-44.000000
50.000000
459.000000
-92.000000
1034.000000
-459.000000
1516.000000
1240.000000
390.000000
207.000000
-689.000000
-368.000000
-345.000000
-413.000000
413.000000
345.000000
804.000000
-919.000000
452.000000
-90.000000
1016.000000
-452.000000
1490.000000
1219.000000
384.000000
203.000000
-677.000000
-361.000000
-339.000000
-406.000000
406.000000
339.000000
790.000000
-903.000000
-1268.000000
254.000000
-2852.000000
1268.000000
-4183.000000
-3423.000000
-1078.000000
-570.000000
1901.000000
1014.000000
951.000000
1141.000000
-1141.000000
-951.000000
-2218.000000
2535.000000
130.000000
-26.000000
293.000000
-130.000000
430.000000
352.000000
111.000000
59.000000
-195.000000
-104.000000
-98.000000
-117.000000
117.000000
98.000000
228.000000
-261.000000
-115.000000
23.000000
-259.000000
115.000000
-380.000000
-311.000000
-98.000000
-52.000000
173.000000
92.000000
86.000000
104.000000
-104.000000
-86.000000
-201.000000
230.000000
-2258.000000
452.000000
-5081.000000
2258.000000
-7453.000000
-6098.000000
-1920.000000
-1016.000000
3388.000000
1807.000000
1694.000000
2033.000000
-2033.000000
-1694.000000
-3952.000000
4517.000000
-573.000000
115.000000
-1290.000000
573.000000
-1892.000000
-1548.000000
-487.000000
-258.000000
860.000000
459.000000
430.000000
516.000000
-516.000000
-430.000000
-1003.000000
1146.000000
103.000000
-21.000000
231.000000
-103.000000
339.000000
277.000000
87.000000
46.000000
-154.000000
-82.000000
-77.000000
-92.000000
92.000000
77.000000
180.000000
-205.000000
-312.000000
62.000000
-701.000000
312.000000
-1029.000000
-842.000000
-265.000000
-140.000000
468.000000
249.000000
234.000000
281.000000
-281.000000
-234.000000
-546.000000
623.000000
