-0.734599
-1.469197
-2.203795
-2.938394
-3.672993
-4.407591
-5.142190
-5.876788
-6.611387
-7.345985
-8.080585
-8.815182
-9.549780
-10.284380
-11.018978
-11.753576
-0.317405
-0.634810
-0.952215
-1.269620
-1.587025
-1.904430
-2.221835
-2.539240
-2.856645
-3.174050
-3.491456
-3.808860
-4.126265
-4.443671
-4.761075
-5.078480
-0.860826
-1.721652
-2.582478
-3.443303
-4.304129
-5.164955
-6.025781
-6.886607
-7.747433
-8.608258
-9.469085
-10.329910
-11.190735
-12.051562
-12.912389
-13.773213
-0.482558
-0.965117
-1.447675
-1.930233
-2.412791
-2.895350
-3.377908
-3.860466
-4.343025
-4.825583
-5.308142
-5.790700
-6.273258
-6.755817
-7.238375
-7.720933
-0.564682
-1.129364
-1.694046
-2.258728
-2.823410
-3.388092
-3.952774
-4.517456
-5.082138
-5.646820
-6.211503
-6.776184
-7.340866
-7.905549
-8.470231
-9.034912
-0.475127
-0.950254
-1.425381
-1.900508
-2.375635
-2.850762
-3.325889
-3.801016
-4.276143
-4.751269
-5.226397
-5.701523
-6.176650
-6.651778
-7.126905
-7.602031
-1.291386
-2.582772
-3.874157
-5.165543
-6.456929
-7.748315
-9.039701
-10.331086
-11.622472
-12.913857
-14.205245
-15.496630
-16.788013
-18.079403
-19.370789
-20.662172
-1.100339
-2.200678
-3.301017
-4.401356
-5.501695
-6.602035
-7.702374
-8.802712
-9.903051
-11.003390
-12.103730
-13.204069
-14.304407
-15.404748
-16.505087
-17.605425
-0.500443
-1.000886
-1.501329
-2.001773
-2.502216
-3.002659
-3.503102
-4.003545
-4.503988
-5.004432
-5.504875
-6.005318
-6.505761
-7.006205
-7.506648
-8.007091
-0.575089
-1.150177
-1.725266
-2.300355
-2.875443
-3.450532
-4.025621
-4.600709
-5.175798
-5.750887
-6.325976
-6.901064
-7.476152
-8.051242
-8.626330
-9.201419
-0.861217
-1.722434
-2.583651
-3.444868
-4.306086
-5.167303
-6.028520
-6.889737
-7.750954
-8.612171
-9.473389
-10.334605
-11.195821
-12.057040
-12.918257
-13.779473
-0.882211
-1.764422
-2.646633
-3.528845
-4.411056
-5.293267
-6.175478
-7.057689
-7.939900
-8.822111
-9.704324
-10.586534
-11.468744
-12.350957
-13.233168
-14.115378
-0.506954
-1.013907
-1.520861
-2.027815
-2.534769
-3.041722
-3.548676
-4.055630
-4.562583
-5.069537
-5.576491
-6.083445
-6.590398
-7.097353
-7.604306
-8.111259
-0.950779
-1.901558
-2.852337
-3.803116
-4.753895
-5.704674
-6.655453
-7.606232
-8.557011
-9.507790
-10.458570
-11.409348
-12.360126
-13.310906
-14.261685
-15.212463
-0.764113
-1.528226
-2.292339
-3.056452
-3.820565
-4.584678
-5.348791
-6.112904
-6.877017
-7.641129
-8.405243
-9.169355
-9.933468
-10.697582
-11.461695
-12.225807
-1.046356
-2.092712
-3.139069
-4.185425
-5.231781
-6.278137
-7.324494
-8.370850
-9.417206
-10.463562
-11.509919
-12.556274
-13.602630
-14.648988
-15.695344
-16.741699
-0.454119
-0.908237
-1.362356
-1.816475
-2.270593
-2.724712
-3.178831
-3.632949
-4.087068
-4.541186
-4.995306
-5.449424
-5.903542
-6.357661
-6.811780
-7.265898
-0.407688
-0.815377
-1.223065
-1.630754
-2.038443
-2.446131
-2.853820
-3.261508
-3.669197
-4.076885
-4.484574
-4.892262
-5.299950
-5.707639
-6.115328
-6.523016
-0.958348
-1.916696
-2.875045
-3.833393
-4.791741
-5.750089
-6.708438
-7.666786
-8.625134
-9.583482
-10.541831
-11.500178
-12.458526
-13.416876
-14.375224
-15.333571
-0.668571
-1.337143
-2.005714
-2.674286
-3.342857
-4.011429
-4.680001
-5.348572
-6.017143
-6.685715
-7.354287
-8.022858
-8.691428
-9.360002
-10.028573
-10.697144
-0.517452
-1.034905
-1.552357
-2.069809
-2.587261
-3.104714
-3.622166
-4.139618
-4.657071
-5.174523
-5.691976
-6.209428
-6.726880
-7.244333
-7.761785
-8.279237
-1.163358
-2.326715
-3.490073
-4.653430
-5.816788
-6.980145
-8.143504
-9.306861
-10.470219
-11.633576
-12.796935
-13.960291
-15.123648
-16.287008
-17.450365
-18.613722
-0.633266
-1.266531
-1.899797
-2.533063
-3.166328
-3.799594
-4.432860
-5.066125
-5.699391
-6.332657
-6.965923
-7.599188
-8.232453
-8.865720
-9.498985
-10.132251
-0.399047
-0.798094
-1.197140
-1.596187
-1.995234
-2.394281
-2.793328
-3.192374
-3.591421
-3.990468
-4.389515
-4.788561
-5.187608
-5.586655
-5.985702
-6.384748
-0.641585
-1.283171
-1.924756
-2.566341
-3.207927
-3.849512
-4.491097
-5.132682
-5.774268
-6.415853
-7.057439
-7.699023
-8.340609
-8.982195
-9.623780
-10.265365
-0.502758
-1.005515
-1.508273
-2.011031
-2.513788
-3.016546
-3.519304
-4.022061
-4.524819
-5.027576
-5.530335
-6.033092
-6.535849
-7.038608
-7.541366
-8.044123
-0.538588
-1.077177
-1.615765
-2.154354
-2.692942
-3.231531
-3.770119
-4.308708
-4.847296
-5.385885
-5.924474
-6.463061
-7.001649
-7.540239
-8.078828
-8.617415
-0.362457
-0.724915
-1.087372
-1.449829
-1.812287
-2.174744
-2.537202
-2.899659
-3.262116
-3.624574
-3.987031
-4.349488
-4.711946
-5.074403
-5.436861
-5.799318
-1.156931
-2.313863
-3.470794
-4.627725
-5.784657
-6.941587
-8.098519
-9.255450
-10.412381
-11.569313
-12.726245
-13.883175
-15.040106
-16.197039
-17.353970
-18.510900
-1.236135
-2.472270
-3.708405
-4.944540
-6.180675
-7.416809
-8.652945
-9.889079
-11.125214
-12.361349
-13.597485
-14.833618
-16.069752
-17.305889
-18.542025
-19.778158
-0.374333
-0.748666
-1.122999
-1.497332
-1.871665
-2.245998
-2.620331
-2.994664
-3.368997
-3.743330
-4.117663
-4.491996
-4.866328
-5.240662
-5.614995
-5.989327
-1.048038
-2.096077
-3.144115
-4.192154
-5.240192
-6.288231
-7.336270
-8.384308
-9.432346
-10.480385
-11.528424
-12.576462
-13.624499
-14.672540
-15.720578
-16.768616
-0.731283
-1.462565
-2.193848
-2.925130
-3.656413
-4.387695
-5.118978
-5.850260
-6.581543
-7.312825
-8.044108
-8.775391
-9.506672
-10.237956
-10.969238
-11.700521
-0.311894
-0.623788
-0.935682
-1.247576
-1.559471
-1.871365
-2.183259
-2.495153
-2.807047
-3.118941
-3.430835
-3.742729
-4.054623
-4.366518
-4.678412
-4.990306
-0.881620
-1.763241
-2.644861
-3.526481
-4.408102
-5.289721
-6.171342
-7.052962
-7.934583
-8.816203
-9.697824
-10.579443
-11.461062
-12.342685
-13.224305
-14.105925
-0.470628
-0.941256
-1.411884
-1.882511
-2.353139
-2.823767
-3.294395
-3.765023
-4.235651
-4.706279
-5.176907
-5.647534
-6.118162
-6.588791
-7.059419
-7.530046
-0.554056
-1.108113
-1.662169
-2.216225
-2.770281
-3.324338
-3.878394
-4.432450
-4.986506
-5.540563
-6.094620
-6.648675
-7.202731
-7.756789
-8.310844
-8.864901
-0.483182
-0.966364
-1.449547
-1.932729
-2.415911
-2.899093
-3.382276
-3.865458
-4.348639
-4.831822
-5.315004
-5.798186
-6.281368
-6.764551
-7.247733
-7.730915
-1.311802
-2.623605
-3.935407
-5.247209
-6.559011
-7.870813
-9.182616
-10.494418
-11.806220
-13.118023
-14.429826
-15.741627
-17.053429
-18.365232
-19.677034
-20.988836
-1.106654
-2.213309
-3.319963
-4.426617
-5.533271
-6.639926
-7.746581
-8.853234
-9.959888
-11.066543
-12.173198
-13.279852
-14.386505
-15.493161
-16.599815
-17.706469
-0.500196
-1.000392
-1.500588
-2.000784
-2.500980
-3.001175
-3.501372
-4.001567
-4.501763
-5.001959
-5.502156
-6.002351
-6.502546
-7.002743
-7.502939
-8.003135
-0.573223
-1.146445
-1.719668
-2.292890
-2.866113
-3.439335
-4.012558
-4.585781
-5.159003
-5.732226
-6.305449
-6.878671
-7.451893
-8.025117
-8.598339
-9.171561
-0.863923
-1.727847
-2.591770
-3.455694
-4.319617
-5.183540
-6.047464
-6.911387
-7.775311
-8.639235
-9.503159
-10.367081
-11.231004
-12.094929
-12.958852
-13.822775
-0.871647
-1.743295
-2.614942
-3.486589
-4.358236
-5.229884
-6.101532
-6.973178
-7.844826
-8.716473
-9.588121
-10.459767
-11.331414
-12.203063
-13.074710
-13.946357
-0.521241
-1.042483
-1.563724
-2.084966
-2.606207
-3.127449
-3.648690
-4.169931
-4.691173
-5.212414
-5.733656
-6.254897
-6.776138
-7.297380
-7.818622
-8.339863
-0.972964
-1.945928
-2.918891
-3.891855
-4.864819
-5.837783
-6.810747
-7.783710
-8.756674
-9.729638
-10.702602
-11.675566
-12.648529
-13.621494
-14.594458
-15.567421
-0.756703
-1.513406
-2.270109
-3.026813
-3.783516
-4.540219
-5.296922
-6.053625
-6.810328
-7.567031
-8.323735
-9.080438
-9.837140
-10.593844
-11.350548
-12.107250
-1.062623
-2.125246
-3.187869
-4.250492
-5.313115
-6.375738
-7.438362
-8.500984
-9.563607
-10.626230
-11.688854
-12.751476
-13.814098
-14.876723
-15.939346
-17.001968
-0.451008
-0.902016
-1.353024
-1.804031
-2.255039
-2.706047
-3.157055
-3.608063
-4.059071
-4.510078
-4.961087
-5.412094
-5.863101
-6.314110
-6.765118
-7.216125
-0.399031
-0.798063
-1.197094
-1.596126
-1.995157
-2.394189
-2.793220
-3.192251
-3.591283
-3.990314
-4.389346
-4.788377
-5.187408
-5.586441
-5.985472
-6.384503
-0.962158
-1.924316
-2.886474
-3.848632
-4.810791
-5.772948
-6.735107
-7.697265
-8.659423
-9.621581
-10.583740
-11.545897
-12.508054
-13.470214
-14.432372
-15.394529
-0.665227
-1.330454
-1.995681
-2.660908
-3.326135
-3.991362
-4.656590
-5.321816
-5.987043
-6.652270
-7.317498
-7.982724
-8.647950
-9.313179
-9.978406
-10.643632
-0.529639
-1.059277
-1.588916
-2.118554
-2.648193
-3.177831
-3.707470
-4.237108
-4.766747
-5.296385
-5.826025
-6.355662
-6.885300
-7.414940
-7.944579
-8.474216
-1.165071
-2.330143
-3.495214
-4.660286
-5.825357
-6.990429
-8.155501
-9.320572
-10.485643
-11.650715
-12.815787
-13.980858
-15.145928
-16.311003
-17.476074
-18.641144
-0.629574
-1.259147
-1.888721
-2.518294
-3.147868
-3.777442
-4.407015
-5.036589
-5.666162
-6.295736
-6.925310
-7.554883
-8.184456
-8.814031
-9.443604
-10.073177
-0.389739
-0.779478
-1.169216
-1.558955
-1.948694
-2.338433
-2.728172
-3.117910
-3.507649
-3.897388
-4.287127
-4.676866
-5.066604
-5.456344
-5.846082
-6.235821
-0.652793
-1.305585
-1.958378
-2.611171
-3.263963
-3.916756
-4.569549
-5.222341
-5.875134
-6.527926
-7.180719
-7.833511
-8.486303
-9.139097
-9.791890
-10.444682
-0.512309
-1.024618
-1.536927
-2.049236
-2.561545
-3.073854
-3.586163
-4.098472
-4.610781
-5.123090
-5.635399
-6.147707
-6.660016
-7.172326
-7.684635
-8.196943
-0.540697
-1.081395
-1.622092
-2.162790
-2.703487
-3.244185
-3.784883
-4.325580
-4.866277
-5.406975
-5.947672
-6.488369
-7.029067
-7.569765
-8.110462
-8.651159
-0.361501
-0.723001
-1.084502
-1.446003
-1.807504
-2.169004
-2.530505
-2.892006
-3.253507
-3.615007
-3.976508
-4.338009
-4.699509
-5.061011
-5.422512
-5.784012
-1.148689
-2.297378
-3.446067
-4.594756
-5.743444
-6.892134
-8.040823
-9.189511
-10.338201
-11.486889
-12.635579
-13.784267
-14.932955
-16.081646
-17.230335
-18.379023
-1.242055
-2.484110
-3.726164
-4.968219
-6.210274
-7.452329
-8.694385
-9.936439
-11.178493
-12.420548
-13.662604
-14.904657
-16.146711
-17.388769
-18.630823
-19.872877
-0.385235
-0.770471
-1.155706
-1.540941
-1.926177
-2.311412
-2.696648
-3.081883
-3.467118
-3.852353
-4.237589
-4.622824
-5.008059
-5.393295
-5.778531
-6.163765
-1.044196
-2.088391
-3.132587
-4.176783
-5.220978
-6.265174
-7.309370
-8.353565
-9.397760
-10.441957
-11.486154
-12.530348
-13.574542
-14.618740
-15.662936
-16.707130
-0.724101
-1.448202
-2.172303
-2.896404
-3.620505
-4.344606
-5.068708
-5.792809
-6.516910
-7.241011
-7.965112
-8.689213
-9.413313
-10.137416
-10.861517
-11.585617
-0.300182
-0.600365
-0.900547
-1.200729
-1.500911
-1.801094
-2.101276
-2.401458
-2.701641
-3.001823
-3.302005
-3.602187
-3.902369
-4.202552
-4.502735
-4.802917
-0.927944
-1.855888
-2.783833
-3.711777
-4.639721
-5.567666
-6.495610
-7.423554
-8.351499
-9.279443
-10.207388
-11.135331
-12.063274
-12.991220
-13.919165
-14.847108
-0.445464
-0.890928
-1.336392
-1.781856
-2.227320
-2.672784
-3.118248
-3.563711
-4.009175
-4.454639
-4.900104
-5.345567
-5.791030
-6.236495
-6.681959
-7.127423
-0.531451
-1.062901
-1.594352
-2.125803
-2.657254
-3.188704
-3.720155
-4.251606
-4.783057
-5.314507
-5.845959
-6.377409
-6.908859
-7.440311
-7.971762
-8.503212
-0.501079
-1.002158
-1.503237
-2.004316
-2.505395
-3.006474
-3.507554
-4.008633
-4.509712
-5.010791
-5.511870
-6.012949
-6.514028
-7.015108
-7.516187
-8.017265
-1.356767
-2.713533
-4.070300
-5.427066
-6.783833
-8.140599
-9.497367
-10.854133
-12.210899
-13.567666
-14.924434
-16.281199
-17.637964
-18.994734
-20.351500
-21.708265
-1.120466
-2.240932
-3.361399
-4.481865
-5.602331
-6.722797
-7.843264
-8.963730
-10.084196
-11.204662
-12.325130
-13.445595
-14.566060
-15.686528
-16.806995
-17.927460
-0.499658
-0.999316
-1.498974
-1.998632
-2.498290
-2.997948
-3.497607
-3.997265
-4.496922
-4.996581
-5.496239
-5.995897
-6.495554
-6.995214
-7.494872
-7.994529
-0.569177
-1.138354
-1.707531
-2.276709
-2.845886
-3.415063
-3.984240
-4.553417
-5.122594
-5.691772
-6.260949
-6.830126
-7.399302
-7.968481
-8.537658
-9.106834
-0.869832
-1.739664
-2.609496
-3.479327
-4.349159
-5.218991
-6.088823
-6.958655
-7.828487
-8.698318
-9.568151
-10.437983
-11.307814
-12.177647
-13.047479
-13.917310
-0.848933
-1.697866
-2.546799
-3.395732
-4.244665
-5.093597
-5.942531
-6.791463
-7.640396
-8.489329
-9.338263
-10.187195
-11.036127
-11.885061
-12.733994
-13.582927
-0.553391
-1.106783
-1.660174
-2.213566
-2.766957
-3.320349
-3.873740
-4.427132
-4.980523
-5.533915
-6.087306
-6.640697
-7.194088
-7.747481
-8.300873
-8.854263
-1.022288
-2.044576
-3.066864
-4.089153
-5.111441
-6.133729
-7.156018
-8.178306
-9.200594
-10.222882
-11.245172
-12.267458
-13.289745
-14.312036
-15.334324
-16.356611
-0.740744
-1.481488
-2.222232
-2.962976
-3.703720
-4.444464
-5.185208
-5.925951
-6.666696
-7.407439
-8.148184
-8.888927
-9.629670
-10.370416
-11.111159
-11.851903
-1.098510
-2.197020
-3.295529
-4.394039
-5.492549
-6.591059
-7.689569
-8.788078
-9.886588
-10.985098
-12.083609
-13.182117
-14.280626
-15.379138
-16.477648
-17.576157
-0.444296
-0.888592
-1.332889
-1.777185
-2.221481
-2.665777
-3.110074
-3.554370
-3.998666
-4.442963
-4.887259
-5.331555
-5.775851
-6.220148
-6.664444
-7.108740
-0.380708
-0.761417
-1.142125
-1.522834
-1.903542
-2.284251
-2.664959
-3.045668
-3.426376
-3.807085
-4.187793
-4.568501
-4.949210
-5.329919
-5.710627
-6.091335
-0.970481
-1.940961
-2.911442
-3.881923
-4.852404
-5.822884
-6.793365
-7.763845
-8.734326
-9.704807
-10.675288
-11.645768
-12.616248
-13.586730
-14.557211
-15.527691
-0.657989
-1.315978
-1.973968
-2.631957
-3.289946
-3.947935
-4.605925
-5.263914
-5.921903
-6.579892
-7.237882
-7.895870
-8.553859
-9.211849
-9.869839
-10.527827
-0.556909
-1.113817
-1.670726
-2.227635
-2.784544
-3.341452
-3.898361
-4.455270
-5.012178
-5.569087
-6.125997
-6.682905
-7.239813
-7.796723
-8.353631
-8.910540
-1.168806
-2.337612
-3.506418
-4.675223
-5.844029
-7.012835
-8.181642
-9.350447
-10.519253
-11.688059
-12.856865
-14.025670
-15.194475
-16.363283
-17.532089
-18.700893
-0.621592
-1.243184
-1.864776
-2.486368
-3.107960
-3.729552
-4.351145
-4.972736
-5.594328
-6.215920
-6.837513
-7.459105
-8.080696
-8.702290
-9.323881
-9.945473
-0.370096
-0.740192
-1.110287
-1.480383
-1.850479
-2.220575
-2.590671
-2.960766
-3.330862
-3.700958
-4.071054
-4.441150
-4.811245
-5.181341
-5.551437
-5.921533
-0.677660
-1.355321
-2.032981
-2.710642
-3.388302
-4.065962
-4.743623
-5.421283
-6.098944
-6.776604
-7.454265
-8.131925
-8.809585
-9.487247
-10.164907
-10.842566
-0.533574
-1.067148
-1.600723
-2.134297
-2.667871
-3.201445
-3.735019
-4.268593
-4.802167
-5.335742
-5.869316
-6.402890
-6.936464
-7.470039
-8.003613
-8.537187
-0.545309
-1.090618
-1.635926
-2.181235
-2.726544
-3.271852
-3.817162
-4.362470
-4.907779
-5.453088
-5.998397
-6.543705
-7.089014
-7.634323
-8.179632
-8.724940
-0.359426
-0.718852
-1.078278
-1.437704
-1.797130
-2.156557
-2.515983
-2.875409
-3.234835
-3.594261
-3.953687
-4.313113
-4.672539
-5.031965
-5.391392
-5.750817
-1.130860
-2.261721
-3.392581
-4.523442
-5.654302
-6.785163
-7.916024
-9.046884
-10.177744
-11.308604
-12.439466
-13.570326
-14.701184
-15.832047
-16.962908
-18.093767
-1.254988
-2.509976
-3.764964
-5.019951
-6.274939
-7.529927
-8.784916
-10.039903
-11.294890
-12.549878
-13.804868
-15.059855
-16.314840
-17.569832
-18.824820
-20.079805
-0.409861
-0.819722
-1.229584
-1.639445
-2.049306
-2.459167
-2.869029
-3.278890
-3.688751
-4.098612
-4.508474
-4.918334
-5.328195
-5.738057
-6.147919
-6.557779
-1.035860
-2.071721
-3.107581
-4.143441
-5.179301
-6.215162
-7.251023
-8.286882
-9.322742
-10.358603
-11.394464
-12.430324
-13.466183
-14.502046
-15.537906
-16.573765
-0.746050
-1.492099
-2.238149
-2.984199
-3.730248
-4.476298
-5.222348
-5.968398
-6.714447
-7.460497
-8.206548
-8.952597
-9.698646
-10.444696
-11.190746
-11.936795
-0.336939
-0.673878
-1.010817
-1.347757
-1.684696
-2.021635
-2.358574
-2.695513
-3.032452
-3.369391
-3.706331
-4.043270
-4.380208
-4.717148
-5.054087
-5.391026
-0.791881
-1.583761
-2.375642
-3.167523
-3.959403
-4.751284
-5.543165
-6.335045
-7.126926
-7.918807
-8.710688
-9.502568
-10.294448
-11.086330
-11.878211
-12.670091
-0.525268
-1.050536
-1.575804
-2.101071
-2.626339
-3.151607
-3.676875
-4.202143
-4.727410
-5.252678
-5.777947
-6.303214
-6.828481
-7.353750
-7.879018
-8.404285
-0.602278
-1.204555
-1.806833
-2.409110
-3.011388
-3.613665
-4.215943
-4.818220
-5.420498
-6.022775
-6.625053
-7.227330
-7.829607
-8.431886
-9.034163
-9.636440
-0.448294
-0.896588
-1.344882
-1.793176
-2.241469
-2.689763
-3.138057
-3.586351
-4.034645
-4.482939
-4.931233
-5.379527
-5.827820
-6.276115
-6.724409
-7.172702
-1.222561
-2.445121
-3.667682
-4.890242
-6.112803
-7.335363
-8.557924
-9.780484
-11.003045
-12.225605
-13.448167
-14.670727
-15.893286
-17.115849
-18.338409
-19.560968
-1.078829
-2.157658
-3.236486
-4.315315
-5.394144
-6.472973
-7.551802
-8.630630
-9.709459
-10.788288
-11.867118
-12.945946
-14.024774
-15.103604
-16.182434
-17.261261
-0.501292
-1.002584
-1.503876
-2.005168
-2.506460
-3.007752
-3.509045
-4.010336
-4.511629
-5.012920
-5.514213
-6.015505
-6.516796
-7.018089
-7.519381
-8.020673
-0.581523
-1.163046
-1.744570
-2.326093
-2.907616
-3.489140
-4.070663
-4.652186
-5.233709
-5.815232
-6.396756
-6.978279
-7.559802
-8.141326
-8.722849
-9.304372
-0.851975
-1.703949
-2.555924
-3.407899
-4.259873
-5.111848
-5.963823
-6.815797
-7.667772
-8.519747
-9.371722
-10.223696
-11.075670
-11.927646
-12.779621
-13.631595
-0.919047
-1.838094
-2.757141
-3.676188
-4.595234
-5.514281
-6.433329
-7.352375
-8.271421
-9.190469
-10.109516
-11.028563
-11.947609
-12.866657
-13.785704
-14.704750
-0.460232
-0.920464
-1.380695
-1.840927
-2.301159
-2.761391
-3.221623
-3.681854
-4.142086
-4.602318
-5.062550
-5.522781
-5.983013
-6.443245
-6.903477
-7.363708
-0.877022
-1.754044
-2.631066
-3.508088
-4.385110
-5.262132
-6.139154
-7.016176
-7.893198
-8.770220
-9.647243
-10.524263
-11.401285
-12.278309
-13.155331
-14.032351
-0.789895
-1.579789
-2.369684
-3.159578
-3.949473
-4.739367
-5.529263
-6.319157
-7.109051
-7.898946
-8.688841
-9.478735
-10.268629
-11.058525
-11.848419
-12.638313
-0.991646
-1.983292
-2.974938
-3.966583
-4.958230
-5.949875
-6.941522
-7.933167
-8.924813
-9.916459
-10.908106
-11.899751
-12.891396
-13.883043
-14.874689
-15.866334
-0.464917
-0.929835
-1.394753
-1.859670
-2.324587
-2.789505
-3.254423
-3.719340
-4.184258
-4.649175
-5.114093
-5.579010
-6.043927
-6.508845
-6.973763
-7.438680
-0.438541
-0.877083
-1.315624
-1.754165
-2.192707
-2.631248
-3.069789
-3.508330
-3.946872
-4.385413
-4.823955
-5.262496
-5.701036
-6.139578
-6.578120
-7.016661
-0.945349
-1.890697
-2.836046
-3.781395
-4.726743
-5.672092
-6.617441
-7.562789
-8.508138
-9.453486
-10.398836
-11.344184
-12.289532
-13.234882
-14.180231
-15.125579
-0.680133
-1.360265
-2.040398
-2.720531
-3.400663
-4.080796
-4.760929
-5.441061
-6.121194
-6.801327
-7.481460
-8.161592
-8.841724
-9.521858
-10.201991
-10.882123
-0.477281
-0.954561
-1.431842
-1.909123
-2.386403
-2.863684
-3.340965
-3.818245
-4.295526
-4.772807
-5.250088
-5.727368
-6.204648
-6.681930
-7.159211
-7.636491
-1.157489
-2.314978
-3.472467
-4.629957
-5.787446
-6.944935
-8.102425
-9.259913
-10.417402
-11.574892
-12.732382
-13.889870
-15.047359
-16.204849
-17.362339
-18.519827
-0.646047
-1.292094
-1.938142
-2.584189
-3.230236
-3.876283
-4.522331
-5.168378
-5.814425
-6.460472
-7.106520
-7.752567
-8.398613
-9.044662
-9.690709
-10.336756
-0.432352
-0.864704
-1.297056
-1.729409
-2.161761
-2.594113
-3.026465
-3.458817
-3.891169
-4.323521
-4.755874
-5.188226
-5.620577
-6.052930
-6.485282
-6.917634
-0.604190
-1.208381
-1.812571
-2.416762
-3.020952
-3.625143
-4.229333
-4.833524
-5.437714
-6.041904
-6.646096
-7.250286
-7.854475
-8.458667
-9.062858
-9.667048
-0.471038
-0.942076
-1.413113
-1.884151
-2.355189
-2.826227
-3.297265
-3.768302
-4.239340
-4.710378
-5.181417
-5.652453
-6.123491
-6.594530
-7.065567
-7.536605
-0.531402
-1.062803
-1.594205
-2.125607
-2.657008
-3.188410
-3.719812
-4.251214
-4.782615
-5.314017
-5.845419
-6.376821
-6.908222
-7.439624
-7.971026
-8.502427
-0.365755
-0.731509
-1.097264
-1.463018
-1.828773
-2.194527
-2.560282
-2.926037
-3.291791
-3.657546
-4.023301
-4.389055
-4.754809
-5.120564
-5.486319
-5.852073
-1.185439
-2.370878
-3.556317
-4.741755
-5.927195
-7.112633
-8.298073
-9.483511
-10.668950
-11.854389
-13.039828
-14.225266
-15.410705
-16.596146
-17.781584
-18.967022
-1.215938
-2.431876
-3.647815
-4.863753
-6.079691
-7.295630
-8.511568
-9.727506
-10.943444
-12.159382
-13.375321
-14.591259
-15.807196
-17.023136
-18.239075
-19.455011
-0.338859
-0.677718
-1.016577
-1.355437
-1.694296
-2.033155
-2.372014
-2.710873
-3.049732
-3.388592
-3.727451
-4.066310
-4.405169
-4.744029
-5.082888
-5.421747
-1.061280
-2.122560
-3.183839
-4.245119
-5.306399
-6.367679
-7.428959
-8.490238
-9.551517
-10.612798
-11.674079
-12.735357
-13.796636
-14.857918
-15.919198
-16.980476
