-0.002726
-0.003048
0.004829
0.000454
0.000924
0.000211
-0.000005
0.000000
-0.000000
-0.000000
-0.000000
-0.000000
0.000000
0.000000
0.000000
-0.000000
0.000226
0.000053
0.002246
0.000655
0.001262
0.000613
0.000021
0.000198
-0.000205
-0.000090
-0.000086
-0.000084
0.000052
0.000022
0.000008
-0.000014
-0.002077
-0.002061
0.002880
0.000232
0.000454
0.000070
-0.000000
0.000000
-0.000000
-0.000000
-0.000000
-0.000000
0.000000
0.000000
0.000000
-0.000000
-0.000395
-0.000291
-0.000725
-0.000219
-0.000348
-0.000131
-0.000002
-0.000034
0.000024
0.000011
0.000006
0.000000
-0.000000
-0.000000
-0.000000
0.000000
-0.000461
-0.000505
0.000424
0.000004
0.000093
0.000014
-0.000002
0.000004
-0.000002
-0.000001
-0.000000
-0.000000
0.000000
0.000000
0.000000
-0.000000
-0.000434
-0.000815
0.002094
0.000294
0.000813
0.000223
-0.000009
0.000058
-0.000048
-0.000022
-0.000013
-0.000000
0.000000
0.000000
0.000000
-0.000000
0.000497
0.000012
0.000135
0.000007
0.000000
0.000000
-0.000000
0.000000
-0.000000
-0.000000
-0.000000
-0.000000
0.000000
0.000000
0.000000
-0.000000
-0.002379
-0.002023
0.002524
0.000182
0.000270
0.000000
-0.000000
0.000000
-0.000000
-0.000000
-0.000000
-0.000000
0.000000
0.000000
0.000000
-0.000000
-0.000868
-0.001256
0.002144
0.000215
0.000742
0.000185
-0.000010
0.000043
-0.000044
-0.000010
-0.000012
-0.000000
0.000000
0.000000
0.000000
-0.000000
-0.000407
-0.000345
-0.000089
-0.000063
-0.000063
-0.000027
-0.000000
-0.000004
0.000003
0.000000
0.000000
0.000000
-0.000000
-0.000000
-0.000000
0.000000
-0.001460
-0.001503
0.002248
0.000186
0.000318
0.000049
-0.000000
0.000000
-0.000000
-0.000000
-0.000000
-0.000000
0.000000
0.000000
0.000000
-0.000000
0.000443
0.000576
-0.001008
-0.000082
-0.000154
-0.000024
0.000000
-0.000000
0.000000
0.000000
0.000000
0.000000
-0.000000
-0.000000
-0.000000
0.000000
0.001411
0.002112
-0.003995
-0.000421
-0.001324
-0.000349
0.000018
-0.000087
0.000059
0.000021
0.000000
0.000000
-0.000000
-0.000000
-0.000000
0.000000
-0.002167
-0.001836
0.002410
0.000179
0.000162
0.000000
-0.000000
0.000000
-0.000000
-0.000000
-0.000000
-0.000000
0.000000
0.000000
0.000000
-0.000000
0.002418
0.003268
-0.006220
-0.000645
-0.001331
-0.000207
0.000007
-0.000000
0.000000
0.000000
0.000000
0.000000
-0.000000
-0.000000
-0.000000
0.000000
0.000723
0.000245
-0.000089
-0.000002
-0.000004
-0.000000
0.000000
-0.000000
0.000000
0.000000
0.000000
0.000000
-0.000000
-0.000000
-0.000000
0.000000
-0.000792
-0.001218
0.002225
0.000244
0.000854
0.000217
-0.000015
0.000068
-0.000053
-0.000028
-0.000010
-0.000014
0.000000
0.000000
0.000000
-0.000000
0.001815
0.002540
-0.003404
-0.000105
-0.001249
-0.000231
0.000044
-0.000104
0.000081
0.000047
0.000028
0.000026
-0.000011
-0.000000
-0.000000
0.000000
0.000609
0.000470
-0.000540
-0.000039
-0.000072
-0.000000
0.000000
-0.000000
0.000000
0.000000
0.000000
0.000000
-0.000000
-0.000000
-0.000000
0.000000
-0.000155
0.000032
-0.000607
-0.000090
-0.000166
-0.000047
0.000001
-0.000007
0.000000
0.000000
0.000000
0.000000
-0.000000
-0.000000
-0.000000
0.000000
-0.002618
-0.003963
0.007847
0.000836
0.002445
0.000667
-0.000030
0.000134
-0.000123
-0.000043
-0.000000
-0.000000
0.000000
0.000000
0.000000
-0.000000
0.003103
0.002349
-0.002451
-0.000151
-0.000000
-0.000000
0.000000
-0.000000
0.000000
0.000000
0.000000
0.000000
-0.000000
-0.000000
-0.000000
0.000000
0.000523
0.000787
-0.001662
-0.000184
-0.000438
-0.000111
0.000004
-0.000013
0.000000
0.000000
0.000000
0.000000
-0.000000
-0.000000
-0.000000
0.000000
-0.001544
-0.002685
0.006634
0.000828
0.002791
0.000826
-0.000049
0.000272
-0.000236
-0.000118
-0.000080
-0.000072
0.000033
0.000019
0.000000
-0.000000
-0.002250
-0.002966
0.005424
0.000555
0.001376
0.000314
-0.000009
0.000046
-0.000000
-0.000000
-0.000000
-0.000000
0.000000
0.000000
0.000000
-0.000000
0.004891
0.008290
-0.019132
-0.002317
-0.006427
-0.001775
0.000076
-0.000431
0.000297
0.000103
0.000000
0.000000
-0.000000
-0.000000
-0.000000
0.000000
0.000011
0.000066
-0.000293
-0.000044
-0.000097
-0.000028
0.000001
-0.000006
0.000006
0.000002
0.000000
0.000000
-0.000000
-0.000000
-0.000000
0.000000
0.000274
0.000303
0.000123
0.000130
0.000117
0.000090
0.000011
0.000022
-0.000026
-0.000009
-0.000008
-0.000008
0.000005
0.000001
0.000001
-0.000000
0.002297
0.002011
-0.002463
-0.000134
-0.000000
-0.000000
0.000000
-0.000000
0.000000
0.000000
0.000000
0.000000
-0.000000
-0.000000
-0.000000
0.000000
0.001592
0.001263
-0.001426
-0.000052
-0.000000
-0.000000
0.000000
-0.000000
0.000000
0.000000
0.000000
0.000000
-0.000000
-0.000000
-0.000000
0.000000
0.001147
0.001709
-0.002856
-0.000193
-0.001129
-0.000264
0.000035
-0.000105
0.000079
0.000043
0.000027
0.000025
-0.000011
-0.000006
-0.000000
0.000000
0.001489
0.001021
-0.001266
-0.000072
-0.000108
-0.000000
0.000000
-0.000000
0.000000
0.000000
0.000000
0.000000
-0.000000
-0.000000
-0.000000
0.000000
