-0.005217
-0.015563
0.023670
-0.007877
0.031629
-0.010317
-0.017303
0.010155
0.002920
-0.029432
0.002970
-0.021443
-0.001859
0.005922
0.005505
-0.026914
0.001152
0.003435
-0.005225
0.001739
-0.006982
0.002277
0.003819
-0.002242
-0.000644
0.006497
-0.000656
0.004733
0.000410
-0.001307
-0.001215
0.005941
-0.004068
-0.012136
0.018458
-0.006142
0.024664
-0.008046
-0.013493
0.007919
0.002277
-0.022951
0.002316
-0.016721
-0.001449
0.004618
0.004293
-0.020987
-0.001464
-0.004366
0.006640
-0.002210
0.008873
-0.002894
-0.004854
0.002849
0.000819
-0.008257
0.000833
-0.006016
-0.000521
0.001661
0.001544
-0.007550
-0.001165
-0.003476
0.005287
-0.001759
0.007064
-0.002304
-0.003865
0.002268
0.000652
-0.006573
0.000663
-0.004789
-0.000415
0.001323
0.001230
-0.006011
0.000060
0.000180
-0.000274
0.000091
-0.000366
0.000119
0.000200
-0.000117
-0.000034
0.000340
-0.000034
0.000248
0.000021
-0.000068
-0.000064
0.000311
0.008856
0.026418
-0.040179
0.013370
-0.053689
0.017513
0.029371
-0.017237
-0.004956
0.049959
-0.005041
0.036398
0.003155
-0.010053
-0.009345
0.045685
-0.003423
-0.010212
0.015531
-0.005168
0.020753
-0.006770
-0.011353
0.006663
0.001916
-0.019311
0.001948
-0.014069
-0.001220
0.003886
0.003612
-0.017659
-0.001116
-0.003330
0.005064
-0.001685
0.006767
-0.002207
-0.003702
0.002173
0.000625
-0.006297
0.000635
-0.004588
-0.000398
0.001267
0.001178
-0.005758
-0.001429
-0.004262
0.006482
-0.002157
0.008662
-0.002826
-0.004738
0.002781
0.000800
-0.008060
0.000813
-0.005872
-0.000509
0.001622
0.001508
-0.007371
-0.002710
-0.008085
0.012297
-0.004092
0.016432
-0.005360
-0.008989
0.005276
0.001517
-0.015290
0.001543
-0.011140
-0.000966
0.003077
0.002860
-0.013982
-0.000085
-0.000254
0.000387
-0.000129
0.000517
-0.000169
-0.000283
0.000166
0.000048
-0.000481
0.000049
-0.000350
-0.000030
0.000097
0.000090
-0.000440
0.001536
0.004583
-0.006970
0.002319
-0.009313
0.003038
0.005095
-0.002990
-0.000860
0.008666
-0.000874
0.006314
0.000547
-0.001744
-0.001621
0.007925
-0.005334
-0.015912
0.024200
-0.008053
0.032338
-0.010549
-0.017690
0.010382
0.002985
-0.030091
0.003036
-0.021923
-0.001900
0.006055
0.005629
-0.027517
0.001058
0.003156
-0.004800
0.001597
-0.006414
0.002092
0.003509
-0.002059
-0.000592
0.005969
-0.000602
0.004349
0.000377
-0.001201
-0.001116
0.005458
0.005243
0.015641
-0.023788
0.007916
-0.031788
0.010369
0.017389
-0.010205
-0.002934
0.029579
-0.002984
0.021550
0.001868
-0.005952
-0.005533
0.027049
-0.000862
-0.002571
0.003911
-0.001301
0.005226
-0.001705
-0.002859
0.001678
0.000482
-0.004863
0.000491
-0.003543
-0.000307
0.000978
0.000910
-0.004447
0.002886
0.008610
-0.013095
0.004358
-0.017498
0.005708
0.009572
-0.005618
-0.001615
0.016282
-0.001643
0.011863
0.001028
-0.003276
-0.003046
0.014889
0.001944
0.005800
-0.008821
0.002935
-0.011787
0.003845
0.006448
-0.003784
-0.001088
0.010968
-0.001107
0.007991
0.000693
-0.002207
-0.002052
0.010030
-0.001355
-0.004042
0.006148
-0.002046
0.008215
-0.002680
-0.004494
0.002637
0.000758
-0.007644
0.000771
-0.005569
-0.000483
0.001538
0.001430
-0.006990
-0.002576
-0.007683
0.011686
-0.003889
0.015615
-0.005094
-0.008542
0.005013
0.001441
-0.014530
0.001466
-0.010586
-0.000918
0.002924
0.002718
-0.013287
0.007715
0.023014
-0.035002
0.011648
-0.046772
0.015257
0.025587
-0.015016
-0.004317
0.043523
-0.004391
0.031709
0.002748
-0.008758
-0.008141
0.039799
0.000271
0.000808
-0.001229
0.000409
-0.001642
0.000536
0.000898
-0.000527
-0.000152
0.001528
-0.000154
0.001113
0.000097
-0.000307
-0.000286
0.001397
-0.000949
-0.002832
0.004308
-0.001434
0.005756
-0.001878
-0.003149
0.001848
0.000531
-0.005356
0.000540
-0.003902
-0.000338
0.001078
0.001002
-0.004898
-0.002831
-0.008447
0.012847
-0.004275
0.017166
-0.005600
-0.009391
0.005511
0.001585
-0.015974
0.001612
-0.011638
-0.001009
0.003214
0.002988
-0.014607
0.001934
0.005768
-0.008773
0.002919
-0.011723
0.003824
0.006413
-0.003764
-0.001082
0.010908
-0.001101
0.007947
0.000689
-0.002195
-0.002040
0.009975
-0.000195
-0.000582
0.000886
-0.000295
0.001184
-0.000386
-0.000648
0.000380
0.000109
-0.001102
0.000111
-0.000803
-0.000070
0.000222
0.000206
-0.001007
0.000667
0.001990
-0.003027
0.001007
-0.004045
0.001320
0.002213
-0.001299
-0.000373
0.003764
-0.000380
0.002742
0.000238
-0.000757
-0.000704
0.003442
0.002060
0.006146
-0.009348
0.003111
-0.012491
0.004074
0.006833
-0.004010
-0.001153
0.011623
-0.001173
0.008468
0.000734
-0.002339
-0.002174
0.010629
0.001814
0.005412
-0.008231
0.002739
-0.010999
0.003588
0.006017
-0.003531
-0.001015
0.010234
-0.001033
0.007456
0.000646
-0.002059
-0.001914
0.009359
0.001513
0.004513
-0.006864
0.002284
-0.009172
0.002992
0.005018
-0.002945
-0.000847
0.008535
-0.000861
0.006218
0.000539
-0.001717
-0.001597
0.007805
0.004810
0.014349
-0.021823
0.007262
-0.029161
0.009512
0.015953
-0.009362
-0.002692
0.027136
-0.002738
0.019770
0.001714
-0.005460
-0.005076
0.024814
-0.003443
-0.009304
0.040241
0.008789
0.038812
0.018281
-0.001056
0.013073
-0.017958
-0.012829
-0.014559
-0.019428
0.017267
0.009955
0.005799
-0.019378
-0.000656
-0.001772
0.007665
0.001674
0.007393
0.003482
-0.000201
0.002490
-0.003421
-0.002444
-0.002773
-0.003701
0.003289
0.001896
0.001105
-0.003691
-0.003369
-0.009106
0.039386
0.008602
0.037987
0.017893
-0.001034
0.012795
-0.017577
-0.012557
-0.014250
-0.019015
0.016900
0.009744
0.005676
-0.018966
0.000391
0.001057
-0.004572
-0.000999
-0.004410
-0.002077
0.000120
-0.001485
0.002040
0.001458
0.001654
0.002207
-0.001962
-0.001131
-0.000659
0.002202
-0.000098
-0.000266
0.001149
0.000251
0.001108
0.000522
-0.000030
0.000373
-0.000513
-0.000366
-0.000416
-0.000555
0.000493
0.000284
0.000166
-0.000553
-0.000773
-0.002090
0.009039
0.001974
0.008718
0.004107
-0.000237
0.002937
-0.004034
-0.002882
-0.003270
-0.004364
0.003879
0.002236
0.001303
-0.004353
-0.000663
-0.001791
0.007746
0.001692
0.007471
0.003519
-0.000203
0.002516
-0.003457
-0.002470
-0.002802
-0.003740
0.003324
0.001916
0.001116
-0.003730
-0.006114
-0.016524
0.071467
0.015609
0.068928
0.032467
-0.001875
0.023217
-0.031894
-0.022784
-0.025856
-0.034504
0.030666
0.017680
0.010299
-0.034415
-0.000692
-0.001869
0.008083
0.001765
0.007796
0.003672
-0.000212
0.002626
-0.003607
-0.002577
-0.002925
-0.003903
0.003469
0.002000
0.001165
-0.003893
0.000150
0.000405
-0.001752
-0.000383
-0.001690
-0.000796
0.000046
-0.000569
0.000782
0.000559
0.000634
0.000846
-0.000752
-0.000434
-0.000253
0.000844
-0.002358
-0.006372
0.027558
0.006019
0.026579
0.012519
-0.000723
0.008952
-0.012298
-0.008786
-0.009970
-0.013305
0.011825
0.006817
0.003971
-0.013270
0.001158
0.003130
-0.013539
-0.002957
-0.013058
-0.006151
0.000355
-0.004398
0.006042
0.004316
0.004898
0.006537
-0.005810
-0.003349
-0.001951
0.006520
0.001451
0.003923
-0.016965
-0.003705
-0.016363
-0.007707
0.000445
-0.005511
0.007571
0.005409
0.006138
0.008191
-0.007280
-0.004197
-0.002445
0.008170
-0.003678
-0.009942
0.042998
0.009391
0.041471
0.019534
-0.001128
0.013969
-0.019189
-0.013708
-0.015556
-0.020760
0.018451
0.010637
0.006196
-0.020706
0.005026
0.013583
-0.058746
-0.012830
-0.056659
-0.026688
0.001542
-0.019084
0.026217
0.018729
0.021254
0.028362
-0.025208
-0.014533
-0.008466
0.028289
0.000107
0.000290
-0.001256
-0.000274
-0.001211
-0.000570
0.000033
-0.000408
0.000560
0.000400
0.000454
0.000606
-0.000539
-0.000311
-0.000181
0.000605
-0.000645
-0.001742
0.007535
0.001646
0.007267
0.003423
-0.000198
0.002448
-0.003363
-0.002402
-0.002726
-0.003638
0.003233
0.001864
0.001086
-0.003628
0.000567
0.001533
-0.006629
-0.001448
-0.006394
-0.003012
0.000174
-0.002154
0.002959
0.002114
0.002398
0.003201
-0.002845
-0.001640
-0.000955
0.003192
0.000829
0.002239
-0.009686
-0.002115
-0.009342
-0.004400
0.000254
-0.003147
0.004323
0.003088
0.003504
0.004676
-0.004156
-0.002396
-0.001396
0.004664
0.000472
0.001276
-0.005520
-0.001206
-0.005324
-0.002508
0.000145
-0.001793
0.002463
0.001760
0.001997
0.002665
-0.002369
-0.001366
-0.000795
0.002658
-0.002988
-0.008075
0.034924
0.007628
0.033684
0.015866
-0.000916
0.011346
-0.015586
-0.011134
-0.012635
-0.016861
0.014986
0.008640
0.005033
-0.016818
0.007631
0.020625
-0.089204
-0.019483
-0.086036
-0.040526
0.002341
-0.028979
0.039810
0.028439
0.032273
0.043068
-0.038277
-0.022068
-0.012855
0.042956
0.000920
0.002487
-0.010754
-0.002349
-0.010372
-0.004886
0.000282
-0.003494
0.004799
0.003429
0.003891
0.005192
-0.004615
-0.002660
-0.001550
0.005179
-0.001632
-0.004411
0.019076
0.004166
0.018399
0.008666
-0.000501
0.006197
-0.008513
-0.006082
-0.006902
-0.009210
0.008186
0.004719
0.002749
-0.009186
-0.003056
-0.008258
0.035718
0.007801
0.034450
0.016227
-0.000937
0.011604
-0.015940
-0.011387
-0.012923
-0.017245
0.015327
0.008836
0.005147
-0.017200
0.007197
0.019450
-0.084123
-0.018373
-0.081135
-0.038217
0.002208
-0.027329
0.037542
0.026819
0.030435
0.040614
-0.036097
-0.020811
-0.012123
0.040509
0.000134
0.000363
-0.001569
-0.000343
-0.001513
-0.000713
0.000041
-0.000510
0.000700
0.000500
0.000568
0.000757
-0.000673
-0.000388
-0.000226
0.000755
-0.000129
-0.000349
0.001511
0.000330
0.001458
0.000687
-0.000040
0.000491
-0.000674
-0.000482
-0.000547
-0.000730
0.000649
0.000374
0.000218
-0.000728
0.006722
0.018168
-0.078578
-0.017162
-0.075787
-0.035698
0.002062
-0.025527
0.035068
0.025051
0.028429
0.037937
-0.033718
-0.019439
-0.011324
0.037839
0.005216
0.014097
-0.060970
-0.013316
-0.058805
-0.027699
0.001600
-0.019807
0.027210
0.019438
0.022059
0.029436
-0.026162
-0.015083
-0.008786
0.029360
0.000552
0.001493
-0.006457
-0.001410
-0.006227
-0.002933
0.000169
-0.002098
0.002881
0.002058
0.002336
0.003117
-0.002771
-0.001597
-0.000930
0.003109
0.002424
0.006552
-0.028338
-0.006189
-0.027331
-0.012874
0.000744
-0.009206
0.012647
0.009034
0.010252
0.013681
-0.012160
-0.007010
-0.004084
0.013646
-0.001775
0.000371
-0.004013
0.001736
-0.005867
-0.004841
-0.001474
-0.000843
0.002682
0.001449
0.001299
0.001595
-0.001631
-0.001339
-0.003122
0.003584
-0.001496
0.000313
-0.003384
0.001464
-0.004947
-0.004082
-0.001243
-0.000711
0.002262
0.001221
0.001096
0.001345
-0.001376
-0.001129
-0.002633
0.003022
0.010263
-0.002143
0.023208
-0.010039
0.033928
0.027992
0.008523
0.004873
-0.015510
-0.008377
-0.007514
-0.009221
0.009434
0.007744
0.018054
-0.020727
0.002942
-0.000615
0.006654
-0.002878
0.009728
0.008026
0.002444
0.001397
-0.004447
-0.002402
-0.002154
-0.002644
0.002705
0.002220
0.005176
-0.005943
-0.000384
0.000080
-0.000869
0.000376
-0.001270
-0.001048
-0.000319
-0.000182
0.000580
0.000313
0.000281
0.000345
-0.000353
-0.000290
-0.000676
0.000776
0.008099
-0.001692
0.018315
-0.007922
0.026775
0.022091
0.006726
0.003845
-0.012240
-0.006611
-0.005930
-0.007277
0.007445
0.006111
0.014248
-0.016357
-0.019566
0.004087
-0.044248
0.019139
-0.064685
-0.053369
-0.016250
-0.009290
0.029572
0.015971
0.014325
0.017580
-0.017986
-0.014764
-0.034422
0.039517
0.022341
-0.004666
0.050524
-0.021854
0.073861
0.060939
0.018555
0.010608
-0.033766
-0.018236
-0.016357
-0.020073
0.020538
0.016858
0.039304
-0.045122
-0.001406
0.000294
-0.003180
0.001376
-0.004649
-0.003836
-0.001168
-0.000668
0.002125
0.001148
0.001030
0.001264
-0.001293
-0.001061
-0.002474
0.002840
-0.001242
0.000259
-0.002808
0.001215
-0.004105
-0.003387
-0.001031
-0.000590
0.001877
0.001014
0.000909
0.001116
-0.001141
-0.000937
-0.002184
0.002508
0.009163
-0.001914
0.020721
-0.008963
0.030292
0.024992
0.007610
0.004351
-0.013848
-0.007479
-0.006709
-0.008232
0.008423
0.006914
0.016119
-0.018506
-0.009285
0.001939
-0.020997
0.009082
-0.030696
-0.025326
-0.007711
-0.004409
0.014033
0.007579
0.006798
0.008342
-0.008535
-0.007006
-0.016334
0.018752
-0.008260
0.001725
-0.018680
0.008080
-0.027308
-0.022531
-0.006860
-0.003922
0.012484
0.006743
0.006048
0.007422
-0.007593
-0.006233
-0.014532
0.016683
0.008242
-0.001721
0.018639
-0.008062
0.027248
0.022481
0.006845
0.003913
-0.012457
-0.006728
-0.006034
-0.007405
0.007577
0.006219
0.014500
-0.016646
-0.023705
0.004951
-0.053609
0.023189
-0.078370
-0.064660
-0.019688
-0.011256
0.035828
0.019350
0.017356
0.021299
-0.021791
-0.017887
-0.041704
0.047877
0.002189
-0.000457
0.004951
-0.002141
0.007237
0.005971
0.001818
0.001039
-0.003309
-0.001787
-0.001603
-0.001967
0.002012
0.001652
0.003851
-0.004421
0.005088
-0.001063
0.011507
-0.004977
0.016822
0.013879
0.004226
0.002416
-0.007690
-0.004153
-0.003725
-0.004572
0.004677
0.003839
0.008952
-0.010277
-0.009358
0.001955
-0.021163
0.009154
-0.030939
-0.025526
-0.007772
-0.004444
0.014144
0.007639
0.006852
0.008408
-0.008603
-0.007061
-0.016464
0.018901
-0.006724
0.001404
-0.015206
0.006577
-0.022229
-0.018340
-0.005584
-0.003193
0.010162
0.005488
0.004923
0.006041
-0.006181
-0.005073
-0.011829
0.013580
-0.001727
0.000361
-0.003905
0.001689
-0.005709
-0.004710
-0.001434
-0.000820
0.002610
0.001409
0.001264
0.001551
-0.001587
-0.001303
-0.003038
0.003487
0.011446
-0.002391
0.025886
-0.011197
0.037842
0.031222
0.009506
0.005435
-0.017300
-0.009343
-0.008381
-0.010284
0.010522
0.008637
0.020137
-0.023118
-0.041203
0.008606
-0.093180
0.040305
-0.136219
-0.112388
-0.034220
-0.019564
0.062274
0.033633
0.030167
0.037020
-0.037877
-0.031090
-0.072487
0.083218
-0.000405
0.000085
-0.000915
0.000396
-0.001338
-0.001104
-0.000336
-0.000192
0.000612
0.000330
0.000296
0.000364
-0.000372
-0.000305
-0.000712
0.000817
0.006962
-0.001454
0.015744
-0.006810
0.023016
0.018989
0.005782
0.003306
-0.010522
-0.005683
-0.005097
-0.006255
0.006400
0.005253
0.012247
-0.014061
0.006808
-0.001422
0.015396
-0.006660
0.022508
0.018570
0.005654
0.003233
-0.010290
-0.005557
-0.004985
-0.006117
0.006258
0.005137
0.011977
-0.013750
-0.019272
0.004025
-0.043584
0.018852
-0.063715
-0.052568
-0.016006
-0.009151
0.029128
0.015731
0.014111
0.017316
-0.017716
-0.014542
-0.033905
0.038924
0.001968
-0.000411
0.004450
-0.001925
0.006505
0.005367
0.001634
0.000934
-0.002974
-0.001606
-0.001441
-0.001768
0.001809
0.001485
0.003462
-0.003974
-0.001798
0.000375
-0.004066
0.001759
-0.005943
-0.004904
-0.001493
-0.000854
0.002717
0.001467
0.001316
0.001615
-0.001653
-0.001357
-0.003163
0.003631
-0.034457
0.007197
-0.077924
0.033706
-0.113916
-0.093987
-0.028617
-0.016361
0.052078
0.028126
0.025228
0.030959
-0.031675
-0.026000
-0.060619
0.069593
-0.008851
0.001849
-0.020017
0.008659
-0.029263
-0.024144
-0.007351
-0.004203
0.013378
0.007225
0.006481
0.007953
-0.008137
-0.006679
-0.015572
0.017877
0.001606
-0.000335
0.003632
-0.001571
0.005309
0.004380
0.001334
0.000762
-0.002427
-0.001311
-0.001176
-0.001443
0.001476
0.001212
0.002825
-0.003243
-0.004645
0.000970
-0.010506
0.004544
-0.015358
-0.012671
-0.003858
-0.002206
0.007021
0.003792
0.003401
0.004174
-0.004270
-0.003505
-0.008173
0.009382
0.033227
-0.018478
0.023618
-0.018546
0.006317
0.029408
-0.006430
0.000689
0.004746
-0.039617
0.003377
0.014081
-0.031027
0.018710
0.008079
0.000361
-0.001017
0.000566
-0.000723
0.000568
-0.000193
-0.000900
0.000197
-0.000021
-0.000145
0.001213
-0.000103
-0.000431
0.000950
-0.000573
-0.000247
-0.000011
0.039557
-0.021999
0.028118
-0.022080
0.007520
0.035011
-0.007655
0.000820
0.005651
-0.047165
0.004021
0.016763
-0.036939
0.022275
0.009618
0.000430
-0.017659
0.009821
-0.012552
0.009857
-0.003357
-0.015630
0.003417
-0.000366
-0.002523
0.021056
-0.001795
-0.007484
0.016490
-0.009944
-0.004294
-0.000192
-0.017819
0.009909
-0.012666
0.009946
-0.003388
-0.015771
0.003448
-0.000369
-0.002545
0.021245
-0.001811
-0.007551
0.016639
-0.010034
-0.004333
-0.000194
0.023756
-0.013211
0.016886
-0.013260
0.004516
0.021026
-0.004597
0.000493
0.003393
-0.028325
0.002415
0.010067
-0.022184
0.013377
0.005776
0.000258
0.037027
-0.020592
0.026319
-0.020668
0.007039
0.032772
-0.007165
0.000768
0.005289
-0.044149
0.003764
0.015691
-0.034576
0.020850
0.009003
0.000402
0.011963
-0.006653
0.008504
-0.006678
0.002274
0.010589
-0.002315
0.000248
0.001709
-0.014264
0.001216
0.005070
-0.011172
0.006737
0.002909
0.000130
0.001871
-0.001040
0.001330
-0.001044
0.000356
0.001656
-0.000362
0.000039
0.000267
-0.002231
0.000190
0.000793
-0.001747
0.001054
0.000455
0.000020
0.011930
-0.006634
0.008480
-0.006659
0.002268
0.010559
-0.002309
0.000247
0.001704
-0.014224
0.001213
0.005056
-0.011140
0.006718
0.002901
0.000130
0.035048
-0.019491
0.024912
-0.019563
0.006663
0.031020
-0.006782
0.000727
0.005006
-0.041788
0.003562
0.014852
-0.032728
0.019735
0.008522
0.000381
-0.024290
0.013508
-0.017266
0.013558
-0.004618
-0.021498
0.004701
-0.000504
-0.003470
0.028962
-0.002469
-0.010294
0.022682
-0.013678
-0.005906
-0.000264
-0.012567
0.006989
-0.008933
0.007014
-0.002389
-0.011122
0.002432
-0.000261
-0.001795
0.014984
-0.001277
-0.005325
0.011735
-0.007076
-0.003056
-0.000137
0.001388
-0.000772
0.000986
-0.000775
0.000264
0.001228
-0.000269
0.000029
0.000198
-0.001655
0.000141
0.000588
-0.001296
0.000781
0.000337
0.000015
-0.129587
0.072066
-0.092111
0.072332
-0.024636
-0.114694
0.025077
-0.002687
-0.018511
0.154509
-0.013172
-0.054916
0.121009
-0.072970
-0.031509
-0.001408
-0.017670
0.009827
-0.012560
0.009863
-0.003359
-0.015640
0.003420
-0.000366
-0.002524
0.021069
-0.001796
-0.007488
0.016501
-0.009950
-0.004297
-0.000192
0.006898
-0.003836
0.004903
-0.003850
0.001311
0.006105
-0.001335
0.000143
0.000985
-0.008225
0.000701
0.002923
-0.006441
0.003884
0.001677
0.000075
-0.046560
0.025893
-0.033095
0.025989
-0.008852
-0.041209
0.009010
-0.000965
-0.006651
0.055514
-0.004733
-0.019731
0.043477
-0.026218
-0.011321
-0.000506
-0.030261
0.016829
-0.021510
0.016891
-0.005753
-0.026783
0.005856
-0.000627
-0.004323
0.036081
-0.003076
-0.012824
0.028258
-0.017040
-0.007358
-0.000329
-0.017996
0.010008
-0.012792
0.010045
-0.003421
-0.015928
0.003483
-0.000373
-0.002571
0.021458
-0.001829
-0.007626
0.016805
-0.010134
-0.004376
-0.000196
0.031092
-0.017291
0.022101
-0.017355
0.005911
0.027519
-0.006017
0.000645
0.004441
-0.037072
0.003160
0.013176
-0.029034
0.017508
0.007560
0.000338
-0.163494
0.090922
-0.116213
0.091259
-0.031082
-0.144704
0.031639
-0.003390
-0.023354
0.194938
-0.016618
-0.069285
0.152671
-0.092063
-0.039754
-0.001776
-0.033256
0.018495
-0.023639
0.018563
-0.006323
-0.029434
0.006436
-0.000690
-0.004751
0.039652
-0.003380
-0.014093
0.031055
-0.018727
-0.008086
-0.000361
0.019432
-0.010807
0.013813
-0.010847
0.003694
0.017199
-0.003760
0.000403
0.002776
-0.023169
0.001975
0.008235
-0.018146
0.010942
0.004725
0.000211
0.031623
-0.017586
0.022478
-0.017651
0.006012
0.027989
-0.006120
0.000656
0.004517
-0.037705
0.003214
0.013401
-0.029530
0.017807
0.007689
0.000344
0.016679
-0.009276
0.011856
-0.009310
0.003171
0.014762
-0.003228
0.000346
0.002383
-0.019887
0.001695
0.007068
-0.015575
0.009392
0.004056
0.000181
0.014662
-0.008154
0.010422
-0.008184
0.002787
0.012977
-0.002837
0.000304
0.002094
-0.017482
0.001490
0.006213
-0.013691
0.008256
0.003565
0.000159
-0.001863
0.001036
-0.001324
0.001040
-0.000354
-0.001649
0.000361
-0.000039
-0.000266
0.002222
-0.000189
-0.000790
0.001740
-0.001049
-0.000453
-0.000020
-0.027996
0.015569
-0.019900
0.015627
-0.005322
-0.024778
0.005418
-0.000581
-0.003999
0.033380
-0.002846
-0.011864
0.026143
-0.015764
-0.006807
-0.000304
0.041400
-0.023023
0.029427
-0.023109
0.007871
0.036642
-0.008012
0.000858
0.005914
-0.049362
0.004208
0.017544
-0.038659
0.023312
0.010066
0.000450
-0.033512
0.018637
-0.023821
0.018706
-0.006371
-0.029661
0.006485
-0.000695
-0.004787
0.039958
-0.003406
-0.014202
0.031294
-0.018871
-0.008149
-0.000364
-0.023397
0.013012
-0.016631
0.013060
-0.004448
-0.020708
0.004528
-0.000485
-0.003342
0.027897
-0.002378
-0.009915
0.021848
-0.013175
-0.005689
-0.000254
