0.734599
0.317405
0.860826
0.482558
0.564682
0.475127
1.291386
1.100339
0.500443
0.575089
0.861217
0.882211
0.506954
0.950779
0.764113
1.046356
0.454119
0.407688
0.958348
0.668571
0.517452
1.163358
0.633266
0.399047
0.641585
0.502758
0.538588
0.362457
1.156931
1.236135
0.374333
1.048038
0.731283
0.311894
0.881620
0.470628
0.554056
0.483182
1.311802
1.106654
0.500196
0.573223
0.863923
0.871647
0.521241
0.972964
0.756703
1.062623
0.451008
0.399031
0.962158
0.665227
0.529639
1.165071
0.629574
0.389739
0.652793
0.512309
0.540697
0.361501
1.148689
1.242055
0.385235
1.044196
0.728283
0.306965
0.900754
0.460005
0.544546
0.490582
1.330459
1.112401
0.499972
0.571534
0.866383
0.862132
0.534467
0.993353
0.750022
1.077503
0.448200
0.391307
0.965622
0.662203
0.540882
1.166628
0.626237
0.381449
0.663080
0.521094
0.542616
0.360635
1.141239
1.247438
0.395350
1.040716
0.738000
0.323126
0.839883
0.495001
0.575704
0.466998
1.270669
1.093901
0.500696
0.577002
0.858455
0.893096
0.492655
0.928408
0.771740
1.029868
0.457317
0.416698
0.954461
0.672004
0.505213
1.161606
0.637057
0.408752
0.630267
0.493132
0.536438
0.363438
1.165392
1.230096
0.363448
1.051976
