4376832.000000
-33727232.000000
11260928.000000
1647360.000000
2618880.000000
1267200.000000
-22784.000000
0.000000
-0.000000
-0.000000
-0.000000
-0.000000
0.000000
0.000000
-0.000000
0.000000
-1390592.000000
-24701952.000000
13559040.000000
4352000.000000
7948800.000000
4766720.000000
-518400.000000
1363968.000000
-512512.000000
-1251072.000000
-961536.000000
-271360.000000
71424.000000
180736.000000
-91136.000000
35584.000000
40659968.000000
-35403264.000000
11276800.000000
1199616.000000
2218240.000000
869888.000000
-0.000000
0.000000
-0.000000
-0.000000
-0.000000
-0.000000
0.000000
0.000000
-0.000000
0.000000
-15955968.000000
50999040.000000
-20697600.000000
-3809280.000000
-7869952.000000
-4376064.000000
147456.000000
-552960.000000
222720.000000
366080.000000
0.000000
0.000000
-0.000000
-0.000000
0.000000
-0.000000
24165120.000000
-29217024.000000
11027456.000000
1431552.000000
3228160.000000
1714944.000000
-31488.000000
215040.000000
-66304.000000
-0.000000
-0.000000
-0.000000
0.000000
0.000000
-0.000000
0.000000
32905984.000000
-16184320.000000
7649792.000000
-495360.000000
1906688.000000
1401344.000000
115456.000000
145152.000000
-72704.000000
-157440.000000
-57344.000000
-23296.000000
0.000000
0.000000
-0.000000
0.000000
-23965440.000000
6188288.000000
-1035264.000000
-43008.000000
-0.000000
-0.000000
0.000000
-0.000000
0.000000
0.000000
0.000000
0.000000
-0.000000
-0.000000
0.000000
-0.000000
30617600.000000
-12172800.000000
2690560.000000
195840.000000
261376.000000
0.000000
-0.000000
0.000000
-0.000000
-0.000000
-0.000000
-0.000000
0.000000
0.000000
-0.000000
0.000000
-292096.000000
1419264.000000
-415744.000000
-259840.000000
-422400.000000
-236288.000000
12544.000000
-37888.000000
16128.000000
18432.000000
20992.000000
0.000000
-0.000000
-0.000000
0.000000
-0.000000
-10949632.000000
-4365312.000000
1588224.000000
692224.000000
809984.000000
365568.000000
-24576.000000
55296.000000
-15872.000000
-0.000000
-0.000000
-0.000000
0.000000
0.000000
-0.000000
0.000000
28985856.000000
-19568640.000000
5703936.000000
503808.000000
782592.000000
255232.000000
-0.000000
0.000000
-0.000000
-0.000000
-0.000000
-0.000000
0.000000
0.000000
-0.000000
0.000000
-33938688.000000
19087872.000000
-4780032.000000
-425472.000000
-580608.000000
-284928.000000
0.000000
-0.000000
0.000000
0.000000
0.000000
0.000000
-0.000000
-0.000000
0.000000
-0.000000
-28549120.000000
12509696.000000
-5947392.000000
709632.000000
-1044992.000000
-872448.000000
-107520.000000
-55296.000000
43008.000000
54784.000000
29696.000000
11776.000000
-0.000000
-0.000000
0.000000
-0.000000
3069440.000000
341504.000000
-155648.000000
-46592.000000
-53760.000000
-17152.000000
0.000000
-0.000000
0.000000
0.000000
0.000000
0.000000
-0.000000
-0.000000
0.000000
-0.000000
-116738048.000000
42197760.000000
-12742400.000000
-611072.000000
-1971200.000000
-788480.000000
10240.000000
-0.000000
0.000000
0.000000
0.000000
0.000000
-0.000000
-0.000000
0.000000
-0.000000
-18329600.000000
22920192.000000
-5770752.000000
-631040.000000
-468736.000000
-0.000000
0.000000
-0.000000
0.000000
0.000000
0.000000
0.000000
-0.000000
-0.000000
0.000000
-0.000000
11663360.000000
5915648.000000
-2048256.000000
-1559040.000000
-1830400.000000
-902400.000000
117760.000000
-219648.000000
58368.000000
134656.000000
77568.000000
0.000000
-0.000000
-0.000000
0.000000
-0.000000
-15769600.000000
9348864.000000
-4659200.000000
553472.000000
-794368.000000
-690688.000000
-92160.000000
-41216.000000
35840.000000
52992.000000
38912.000000
7424.000000
-0.000000
-0.000000
0.000000
-0.000000
-41906176.000000
45977600.000000
-11969280.000000
-1331712.000000
-1667584.000000
-0.000000
0.000000
-0.000000
0.000000
0.000000
0.000000
0.000000
-0.000000
-0.000000
0.000000
-0.000000
-5923840.000000
-8346624.000000
2923008.000000
648448.000000
894976.000000
427008.000000
-14848.000000
50688.000000
-0.000000
-0.000000
-0.000000
-0.000000
0.000000
0.000000
-0.000000
0.000000
61845504.000000
-53194752.000000
23236608.000000
1505280.000000
7456000.000000
4700160.000000
39168.000000
703488.000000
-237312.000000
-498176.000000
-281344.000000
-0.000000
0.000000
0.000000
-0.000000
0.000000
-66128640.000000
25432576.000000
-5206016.000000
-330240.000000
-0.000000
-0.000000
0.000000
-0.000000
0.000000
0.000000
0.000000
0.000000
-0.000000
-0.000000
0.000000
-0.000000
-30723072.000000
43767296.000000
-15915008.000000
-2216960.000000
-4277760.000000
-2091520.000000
39936.000000
-186880.000000
0.000000
0.000000
0.000000
0.000000
-0.000000
-0.000000
0.000000
-0.000000
43929600.000000
-44986368.000000
22118400.000000
1794048.000000
7464960.000000
5160960.000000
46592.000000
780288.000000
-330240.000000
-619008.000000
-467456.000000
-96000.000000
0.000000
0.000000
-0.000000
0.000000
26284032.000000
-23367680.000000
9157632.000000
811008.000000
2299648.000000
1241856.000000
-15360.000000
148480.000000
-46848.000000
-0.000000
-0.000000
-0.000000
0.000000
0.000000
-0.000000
0.000000
-28815360.000000
43530240.000000
-20395520.000000
-2007040.000000
-6233600.000000
-3697920.000000
29952.000000
-600576.000000
192768.000000
412160.000000
233728.000000
0.000000
-0.000000
-0.000000
0.000000
-0.000000
16076800.000000
-25950720.000000
10464768.000000
1559040.000000
3621888.000000
2171136.000000
-53760.000000
263424.000000
-108032.000000
-176384.000000
-0.000000
-0.000000
0.000000
0.000000
-0.000000
0.000000
-962560.000000
-3809280.000000
1958400.000000
783360.000000
1254912.000000
720128.000000
-87040.000000
204288.000000
-66816.000000
-158208.000000
-120832.000000
-38400.000000
9216.000000
17408.000000
-17408.000000
0.000000
-35770368.000000
12140800.000000
-2222080.000000
-157184.000000
-0.000000
-0.000000
0.000000
-0.000000
0.000000
0.000000
0.000000
0.000000
-0.000000
-0.000000
0.000000
-0.000000
11709696.000000
-9974272.000000
1815552.000000
85504.000000
0.000000
0.000000
-0.000000
0.000000
-0.000000
-0.000000
-0.000000
-0.000000
0.000000
0.000000
-0.000000
0.000000
-31077632.000000
55744000.000000
-30170880.000000
-4494336.000000
-14538496.000000
-9757440.000000
160000.000000
-2115072.000000
958464.000000
2043904.000000
1741824.000000
478208.000000
-126720.000000
-324608.000000
161792.000000
-63488.000000
-71447808.000000
50880000.000000
-12866304.000000
-954624.000000
-1205504.000000
-0.000000
0.000000
-0.000000
0.000000
0.000000
0.000000
0.000000
-0.000000
-0.000000
0.000000
-0.000000
