-0.002508
-0.003640
0.002681
-0.000445
0.000745
-0.000121
-0.000066
0.000000
0.000000
-0.000000
0.000000
-0.000000
-0.000000
0.000000
0.000000
-0.000000
0.000884
0.001872
-0.002134
0.000529
-0.001516
0.000359
0.000413
-0.000189
-0.000038
0.000282
-0.000018
0.000112
0.000008
-0.000015
-0.000009
0.000023
-0.001767
-0.002272
0.001442
-0.000198
0.000291
-0.000032
-0.000000
0.000000
0.000000
-0.000000
0.000000
-0.000000
-0.000000
0.000000
0.000000
-0.000000
-0.000939
-0.001732
0.001552
-0.000338
0.000834
-0.000158
-0.000149
0.000057
0.000010
-0.000065
0.000003
-0.000000
-0.000000
0.000000
0.000000
-0.000000
-0.000678
-0.001172
0.001006
-0.000191
0.000414
-0.000072
-0.000074
0.000018
0.000003
-0.000000
0.000000
-0.000000
-0.000000
0.000000
0.000000
-0.000000
0.000033
0.000062
-0.000056
0.000012
-0.000031
0.000006
0.000006
-0.000002
-0.000000
0.000002
-0.000000
0.000000
0.000000
-0.000000
-0.000000
0.000000
0.002486
0.002072
-0.000789
0.000054
-0.000000
0.000000
0.000000
-0.000000
-0.000000
0.000000
-0.000000
0.000000
0.000000
-0.000000
-0.000000
0.000000
-0.001200
-0.001160
0.000548
-0.000063
0.000082
-0.000000
-0.000000
0.000000
0.000000
-0.000000
0.000000
-0.000000
-0.000000
0.000000
0.000000
-0.000000
-0.000714
-0.001301
0.001162
-0.000241
0.000592
-0.000114
-0.000101
0.000035
0.000008
-0.000025
0.000003
-0.000000
-0.000000
0.000000
0.000000
-0.000000
-0.000827
-0.001422
0.001209
-0.000234
0.000474
-0.000088
-0.000072
0.000022
0.000003
-0.000000
0.000000
-0.000000
-0.000000
0.000000
0.000000
-0.000000
-0.001165
-0.001497
0.000951
-0.000131
0.000192
-0.000021
-0.000000
0.000000
0.000000
-0.000000
0.000000
-0.000000
-0.000000
0.000000
0.000000
-0.000000
-0.000041
-0.000051
0.000030
-0.000004
0.000007
-0.000001
-0.000000
0.000000
0.000000
-0.000000
0.000000
-0.000000
-0.000000
0.000000
0.000000
-0.000000
0.000961
0.001744
-0.001546
0.000317
-0.000765
0.000142
0.000136
-0.000047
-0.000007
0.000034
-0.000000
0.000000
0.000000
-0.000000
-0.000000
0.000000
-0.002142
-0.002471
0.001412
-0.000194
0.000253
-0.000000
-0.000000
0.000000
0.000000
-0.000000
0.000000
-0.000000
-0.000000
0.000000
0.000000
-0.000000
0.000502
0.000710
-0.000513
0.000078
-0.000128
0.000017
0.000014
-0.000000
-0.000000
0.000000
-0.000000
0.000000
0.000000
-0.000000
-0.000000
0.000000
0.001950
0.001909
-0.001032
0.000097
-0.000126
0.000000
0.000000
-0.000000
-0.000000
0.000000
-0.000000
0.000000
0.000000
-0.000000
-0.000000
0.000000
-0.000585
-0.001103
0.001027
-0.000235
0.000564
-0.000116
-0.000123
0.000048
0.000008
-0.000039
0.000002
-0.000014
-0.000000
0.000000
0.000000
-0.000000
0.002025
0.003927
-0.004040
0.000932
-0.002336
0.000515
0.000551
-0.000224
-0.000038
0.000256
-0.000019
0.000046
0.000005
-0.000000
-0.000000
0.000000
0.000781
0.000888
-0.000486
0.000060
-0.000093
0.000000
0.000000
-0.000000
-0.000000
0.000000
-0.000000
0.000000
0.000000
-0.000000
-0.000000
0.000000
-0.000699
-0.001080
0.000847
-0.000150
0.000293
-0.000042
-0.000035
0.000011
0.000000
-0.000000
0.000000
-0.000000
-0.000000
0.000000
0.000000
-0.000000
-0.001583
-0.002850
0.002533
-0.000498
0.001216
-0.000238
-0.000228
0.000079
0.000011
-0.000057
0.000000
-0.000000
-0.000000
0.000000
0.000000
-0.000000
0.002529
0.002349
-0.000964
0.000095
-0.000000
0.000000
0.000000
-0.000000
-0.000000
0.000000
-0.000000
0.000000
0.000000
-0.000000
-0.000000
0.000000
0.000147
0.000238
-0.000193
0.000035
-0.000071
0.000013
0.000010
-0.000002
-0.000000
0.000000
-0.000000
0.000000
0.000000
-0.000000
-0.000000
0.000000
-0.000666
-0.001295
0.001354
-0.000310
0.000809
-0.000176
-0.000180
0.000080
0.000015
-0.000104
0.000006
-0.000030
-0.000002
0.000000
0.000000
-0.000000
-0.001501
-0.002400
0.001954
-0.000344
0.000741
-0.000110
-0.000108
0.000022
0.000000
-0.000000
0.000000
-0.000000
-0.000000
0.000000
0.000000
-0.000000
0.001234
0.002248
-0.002007
0.000416
-0.000976
0.000197
0.000174
-0.000061
-0.000009
0.000043
-0.000004
0.000000
0.000000
-0.000000
-0.000000
0.000000
-0.000105
-0.000186
0.000163
-0.000032
0.000070
-0.000013
-0.000013
0.000004
0.000001
-0.000004
0.000000
-0.000000
-0.000000
0.000000
0.000000
-0.000000
0.000484
0.000959
-0.001072
0.000243
-0.000696
0.000149
0.000178
-0.000072
-0.000015
0.000103
-0.000006
0.000032
0.000002
-0.000003
-0.000003
0.000000
0.000697
0.000640
-0.000300
0.000026
-0.000000
0.000000
0.000000
-0.000000
-0.000000
0.000000
-0.000000
0.000000
0.000000
-0.000000
-0.000000
0.000000
0.000562
0.000498
-0.000198
0.000011
-0.000000
0.000000
0.000000
-0.000000
-0.000000
0.000000
-0.000000
0.000000
0.000000
-0.000000
-0.000000
0.000000
0.001106
0.002176
-0.002392
0.000542
-0.001497
0.000333
0.000371
-0.000155
-0.000031
0.000204
-0.000014
0.000074
0.000003
-0.000007
-0.000000
0.000000
0.001784
0.001747
-0.000944
0.000089
-0.000115
0.000000
0.000000
-0.000000
-0.000000
0.000000
-0.000000
0.000000
0.000000
-0.000000
-0.000000
0.000000
