-205.000000
-614.000000
2618.000000
573.000000
2536.000000
1186.000000
-82.000000
859.000000
-1186.000000
-818.000000
-941.000000
-1268.000000
1145.000000
655.000000
368.000000
-1268.000000
-39.000000
-117.000000
500.000000
109.000000
484.000000
227.000000
-16.000000
164.000000
-227.000000
-156.000000
-180.000000
-242.000000
219.000000
125.000000
70.000000
-242.000000
-203.000000
-609.000000
2599.000000
569.000000
2518.000000
1178.000000
-81.000000
853.000000
-1178.000000
-812.000000
-934.000000
-1259.000000
1137.000000
650.000000
365.000000
-1259.000000
23.000000
70.000000
-300.000000
-66.000000
-291.000000
-136.000000
9.000000
-98.000000
136.000000
94.000000
108.000000
145.000000
-131.000000
-75.000000
-42.000000
145.000000
-6.000000
-17.000000
71.000000
16.000000
69.000000
32.000000
-2.000000
23.000000
-32.000000
-22.000000
-26.000000
-34.000000
31.000000
18.000000
10.000000
-34.000000
-46.000000
-138.000000
589.000000
129.000000
571.000000
267.000000
-18.000000
193.000000
-267.000000
-184.000000
-212.000000
-285.000000
258.000000
147.000000
83.000000
-285.000000
-39.000000
-118.000000
504.000000
110.000000
488.000000
228.000000
-16.000000
165.000000
-228.000000
-158.000000
-181.000000
-244.000000
221.000000
126.000000
71.000000
-244.000000
-365.000000
-1094.000000
4670.000000
1021.000000
4524.000000
2116.000000
-146.000000
1532.000000
-2116.000000
-1459.000000
-1678.000000
-2262.000000
2043.000000
1167.000000
657.000000
-2262.000000
-43.000000
-128.000000
544.000000
119.000000
527.000000
247.000000
-17.000000
179.000000
-247.000000
-170.000000
-196.000000
-264.000000
238.000000
136.000000
77.000000
-264.000000
9.000000
26.000000
-110.000000
-24.000000
-107.000000
-50.000000
3.000000
-36.000000
50.000000
34.000000
40.000000
53.000000
-48.000000
-28.000000
-16.000000
53.000000
-142.000000
-427.000000
1823.000000
399.000000
1766.000000
826.000000
-57.000000
598.000000
-826.000000
-570.000000
-655.000000
-883.000000
798.000000
456.000000
256.000000
-883.000000
70.000000
209.000000
-892.000000
-195.000000
-864.000000
-404.000000
28.000000
-293.000000
404.000000
279.000000
321.000000
432.000000
-390.000000
-223.000000
-125.000000
432.000000
86.000000
257.000000
-1097.000000
-240.000000
-1063.000000
-497.000000
34.000000
-360.000000
497.000000
343.000000
394.000000
531.000000
-480.000000
-274.000000
-154.000000
531.000000
-219.000000
-657.000000
2801.000000
613.000000
2714.000000
1269.000000
-88.000000
919.000000
-1269.000000
-875.000000
-1007.000000
-1357.000000
1226.000000
700.000000
394.000000
-1357.000000
299.000000
898.000000
-3832.000000
-838.000000
-3712.000000
-1736.000000
120.000000
-1257.000000
1736.000000
1197.000000
1377.000000
1856.000000
-1676.000000
-958.000000
-539.000000
1856.000000
5.000000
16.000000
-68.000000
-15.000000
-66.000000
-31.000000
2.000000
-22.000000
31.000000
21.000000
24.000000
33.000000
-30.000000
-17.000000
-10.000000
33.000000
-38.000000
-115.000000
489.000000
107.000000
473.000000
221.000000
-15.000000
160.000000
-221.000000
-153.000000
-176.000000
-237.000000
214.000000
122.000000
69.000000
-237.000000
34.000000
102.000000
-434.000000
-95.000000
-420.000000
-196.000000
14.000000
-142.000000
196.000000
135.000000
156.000000
210.000000
-190.000000
-108.000000
-61.000000
210.000000
48.000000
144.000000
-615.000000
-135.000000
-596.000000
-279.000000
19.000000
-202.000000
279.000000
192.000000
221.000000
298.000000
-269.000000
-154.000000
-86.000000
298.000000
27.000000
80.000000
-340.000000
-74.000000
-329.000000
-154.000000
11.000000
-112.000000
154.000000
106.000000
122.000000
165.000000
-149.000000
-85.000000
-48.000000
165.000000
-178.000000
-534.000000
2278.000000
498.000000
2207.000000
1032.000000
-71.000000
747.000000
-1032.000000
-712.000000
-819.000000
-1103.000000
997.000000
570.000000
320.000000
-1103.000000
454.000000
1362.000000
-5811.000000
-1271.000000
-5629.000000
-2633.000000
182.000000
-1907.000000
2633.000000
1816.000000
2088.000000
2815.000000
-2542.000000
-1453.000000
-817.000000
2815.000000
53.000000
160.000000
-684.000000
-150.000000
-663.000000
-310.000000
21.000000
-225.000000
310.000000
214.000000
246.000000
331.000000
-299.000000
-171.000000
-96.000000
331.000000
-98.000000
-293.000000
1250.000000
273.000000
1211.000000
566.000000
-39.000000
410.000000
-566.000000
-391.000000
-449.000000
-605.000000
547.000000
313.000000
176.000000
-605.000000
-183.000000
-548.000000
2338.000000
511.000000
2265.000000
1059.000000
-73.000000
767.000000
-1059.000000
-731.000000
-840.000000
-1132.000000
1023.000000
585.000000
329.000000
-1132.000000
430.000000
1290.000000
-5502.000000
-1204.000000
-5330.000000
-2493.000000
172.000000
-1805.000000
2493.000000
1719.000000
1977.000000
2665.000000
-2407.000000
-1376.000000
-774.000000
2665.000000
8.000000
24.000000
-104.000000
-23.000000
-100.000000
-47.000000
3.000000
-34.000000
47.000000
32.000000
37.000000
50.000000
-45.000000
-26.000000
-15.000000
50.000000
-7.000000
-22.000000
93.000000
20.000000
90.000000
42.000000
-3.000000
31.000000
-42.000000
-29.000000
-33.000000
-45.000000
41.000000
23.000000
13.000000
-45.000000
402.000000
1206.000000
-5145.000000
-1125.000000
-4984.000000
-2331.000000
161.000000
-1688.000000
2331.000000
1608.000000
1849.000000
2492.000000
-2251.000000
-1286.000000
-724.000000
2492.000000
311.000000
932.000000
-3975.000000
-870.000000
-3851.000000
-1801.000000
124.000000
-1304.000000
1801.000000
1242.000000
1429.000000
1925.000000
-1739.000000
-994.000000
-559.000000
1925.000000
33.000000
99.000000
-421.000000
-92.000000
-408.000000
-191.000000
13.000000
-138.000000
191.000000
131.000000
151.000000
204.000000
-184.000000
-105.000000
-59.000000
204.000000
146.000000
438.000000
-1869.000000
-409.000000
-1811.000000
-847.000000
58.000000
-613.000000
847.000000
584.000000
672.000000
905.000000
-818.000000
-467.000000
-263.000000
905.000000
