-9359171.000000
-2716057.500000
404413.156250
522338.906250
-561470.625000
-230549.625000
-25430.355469
-0.000000
0.000000
0.000000
0.000000
0.000000
-0.000000
-0.000000
-0.000000
0.000000
-4290727.500000
859996.375000
-1991521.375000
2853118.000000
-3467658.250000
-2427696.250000
-634337.562500
-179180.593750
516678.093750
222884.625000
139946.000000
128255.250000
-87624.000000
-55716.070312
-88298.343750
50447.511719
14772925.000000
-2964612.750000
7312402.500000
-1169732.375000
1138596.250000
462743.937500
0.000000
0.000000
-0.000000
-0.000000
-0.000000
-0.000000
0.000000
0.000000
0.000000
-0.000000
7295121.000000
-1585211.000000
6352096.000000
-2244406.750000
4094955.250000
2104542.000000
422081.250000
130264.312500
-294773.875000
-79000.937500
-37011.789062
-44399.000000
0.000000
0.000000
0.000000
-0.000000
-2094011.875000
-698233.750000
-274995.500000
165929.843750
-285040.062500
-148370.859375
-27894.375000
-7457.074219
8416.167969
4328.320312
0.000000
0.000000
-0.000000
-0.000000
-0.000000
0.000000
21272292.000000
-4107829.500000
20102454.000000
-4861486.500000
10628619.000000
4820867.500000
924566.000000
310741.593750
-614499.187500
-108983.851562
-102356.007812
-0.000000
0.000000
0.000000
0.000000
-0.000000
-22024172.000000
1183209.500000
-2938811.500000
327537.562500
-0.000000
-0.000000
-0.000000
-0.000000
0.000000
0.000000
0.000000
0.000000
-0.000000
-0.000000
-0.000000
0.000000
29977536.000000
-3024681.250000
7998204.500000
-1119808.000000
0.000000
0.000000
0.000000
0.000000
-0.000000
-0.000000
-0.000000
-0.000000
0.000000
0.000000
0.000000
-0.000000
-6123274.500000
-1632186.750000
-913195.500000
932747.250000
-1398835.625000
-768391.562500
-137349.250000
-38075.250000
101470.429688
18260.359375
17212.164062
0.000000
-0.000000
-0.000000
-0.000000
0.000000
-4082390.500000
-143680.468750
-2331600.750000
524315.437500
-1027005.937500
-445938.000000
-69660.000000
-18570.218750
30770.207031
0.000000
0.000000
0.000000
-0.000000
-0.000000
-0.000000
0.000000
14667744.000000
-2696592.000000
7748057.500000
-1218148.000000
1554311.000000
420408.625000
0.000000
0.000000
-0.000000
-0.000000
-0.000000
-0.000000
0.000000
0.000000
0.000000
-0.000000
-16472442.000000
1960347.000000
-7319169.000000
1224494.500000
-1539164.000000
-418196.062500
-0.000000
-0.000000
0.000000
0.000000
0.000000
0.000000
-0.000000
-0.000000
-0.000000
0.000000
-18284456.000000
5787634.000000
-20022560.000000
3994830.000000
-8658886.000000
-3822207.250000
-711158.125000
-192195.984375
421314.218750
112217.218750
0.000000
0.000000
-0.000000
-0.000000
-0.000000
0.000000
10153006.000000
-2037076.875000
4501539.500000
-671020.125000
455330.281250
0.000000
0.000000
0.000000
-0.000000
-0.000000
-0.000000
-0.000000
0.000000
0.000000
0.000000
-0.000000
-43775084.000000
7812738.500000
-28190264.000000
5050993.500000
-8041321.500000
-3250430.250000
-339335.093750
-0.000000
0.000000
0.000000
0.000000
0.000000
-0.000000
-0.000000
-0.000000
0.000000
4656407.500000
-107050.781250
856836.750000
-116045.937500
127413.734375
0.000000
0.000000
0.000000
-0.000000
-0.000000
-0.000000
-0.000000
0.000000
0.000000
0.000000
-0.000000
12413464.000000
-4073018.000000
15331454.000000
-3640001.250000
8264226.000000
3969777.250000
794135.562500
276792.750000
-514503.750000
-205699.375000
-63919.871094
-76781.921875
0.000000
0.000000
0.000000
-0.000000
-23290576.000000
8866384.000000
-34373500.000000
8588221.000000
-20091414.000000
-10762927.000000
-2137561.000000
-801979.750000
1668852.625000
636218.437500
356976.687500
285024.312500
-142269.687500
-118636.000000
-0.000000
0.000000
-10562716.000000
1157762.000000
-3707194.250000
565042.625000
-752488.437500
-0.000000
-0.000000
-0.000000
0.000000
0.000000
0.000000
0.000000
-0.000000
-0.000000
-0.000000
0.000000
-4426066.000000
462191.375000
-2845750.500000
525794.625000
-932870.187500
-417376.906250
-52189.125000
-13935.304688
0.000000
0.000000
0.000000
0.000000
-0.000000
-0.000000
-0.000000
0.000000
23342354.000000
-9607385.000000
29887090.000000
-5377727.500000
11495030.000000
5319054.000000
981559.312500
267878.000000
-583709.000000
-155339.703125
-0.000000
-0.000000
0.000000
0.000000
0.000000
-0.000000
-53903216.000000
4632347.000000
-11213658.000000
1382460.750000
-0.000000
-0.000000
-0.000000
-0.000000
0.000000
0.000000
0.000000
0.000000
-0.000000
-0.000000
-0.000000
0.000000
334359.375000
1111126.000000
-1758855.125000
69311.687500
-311701.718750
-115578.468750
-15932.882812
-3041.136719
0.000000
0.000000
0.000000
0.000000
-0.000000
-0.000000
-0.000000
0.000000
16891792.000000
-8391868.000000
32680962.000000
-5877761.500000
17060552.000000
8974738.000000
1780393.500000
695705.062500
-1447234.750000
-480986.406250
-268997.312500
-213883.937500
106274.898438
88632.273438
0.000000
-0.000000
10436223.000000
-4927667.500000
12550846.000000
-1924201.500000
3619997.250000
1586615.250000
196297.125000
52736.437500
-0.000000
-0.000000
-0.000000
-0.000000
0.000000
0.000000
0.000000
-0.000000
-38884580.000000
19461396.000000
-58545528.000000
9180960.000000
-23573336.000000
-10872734.000000
-1922789.250000
-612623.500000
983281.750000
261305.843750
0.000000
0.000000
-0.000000
-0.000000
-0.000000
0.000000
5189557.500000
-508135.468750
3648310.250000
-986237.000000
1843803.375000
896330.125000
170572.781250
45008.425781
-49872.953125
-26592.253906
-0.000000
-0.000000
0.000000
0.000000
0.000000
-0.000000
-4686205.000000
1376136.750000
-5908536.000000
1929563.500000
-4287930.500000
-2334232.000000
-523034.031250
-181213.812500
436022.343750
163773.937500
109245.234375
79485.875000
-53083.406250
-21993.191406
-51443.167969
0.000000
-46396064.000000
4035152.000000
-10736426.000000
1151602.750000
-0.000000
-0.000000
-0.000000
-0.000000
0.000000
0.000000
0.000000
0.000000
-0.000000
-0.000000
-0.000000
0.000000
-9235274.000000
1113866.500000
-2125006.500000
145818.750000
-0.000000
-0.000000
-0.000000
-0.000000
0.000000
0.000000
0.000000
0.000000
-0.000000
-0.000000
-0.000000
0.000000
8337503.000000
2746947.750000
1012269.500000
-1624650.125000
2527887.750000
1666120.250000
365256.000000
111703.625000
-266685.375000
-101406.679688
-57783.011719
-46275.093750
23368.167969
19606.554688
0.000000
-0.000000
-5244876.000000
1073596.000000
-2431518.000000
313036.812500
-265242.562500
-0.000000
-0.000000
-0.000000
0.000000
0.000000
0.000000
0.000000
-0.000000
-0.000000
-0.000000
0.000000
