-10761216.000000
-15636480.000000
11514624.000000
-1910272.000000
3201024.000000
-521472.000000
-285440.000000
0.000000
0.000000
-0.000000
0.000000
-0.000000
-0.000000
0.000000
0.000000
-0.000000
3782400.000000
8041984.000000
-9158656.000000
2265600.000000
-6519040.000000
1546240.000000
1770496.000000
-811776.000000
-165120.000000
1210880.000000
-77056.000000
479232.000000
32768.000000
-66048.000000
-38400.000000
99072.000000
-7598080.000000
-9756672.000000
6195200.000000
-851968.000000
1248768.000000
-135424.000000
-0.000000
0.000000
0.000000
-0.000000
0.000000
-0.000000
-0.000000
0.000000
0.000000
-0.000000
-4037120.000000
-7441920.000000
6666240.000000
-1449472.000000
3581952.000000
-680960.000000
-638976.000000
243200.000000
41472.000000
-277504.000000
13824.000000
-0.000000
-0.000000
0.000000
0.000000
-0.000000
-2899200.000000
-5033472.000000
4315136.000000
-815616.000000
1777920.000000
-309248.000000
-317440.000000
77312.000000
11008.000000
-0.000000
0.000000
-0.000000
-0.000000
0.000000
0.000000
-0.000000
129024.000000
266240.000000
-238080.000000
51200.000000
-128000.000000
26880.000000
25344.000000
-10752.000000
-1536.000000
9728.000000
-512.000000
0.000000
0.000000
-0.000000
-0.000000
0.000000
10672128.000000
8898560.000000
-3389440.000000
232960.000000
-0.000000
0.000000
0.000000
-0.000000
-0.000000
0.000000
-0.000000
0.000000
0.000000
-0.000000
-0.000000
0.000000
-5160960.000000
-4981504.000000
2354688.000000
-269568.000000
351744.000000
-0.000000
-0.000000
0.000000
0.000000
-0.000000
0.000000
-0.000000
-0.000000
0.000000
0.000000
-0.000000
-3087872.000000
-5575680.000000
4988928.000000
-1039360.000000
2545664.000000
-489216.000000
-433664.000000
150528.000000
32256.000000
-107520.000000
10752.000000
-0.000000
-0.000000
0.000000
0.000000
-0.000000
-3532800.000000
-6098432.000000
5197824.000000
-1002240.000000
2035712.000000
-378880.000000
-311296.000000
94720.000000
13568.000000
-0.000000
0.000000
-0.000000
-0.000000
0.000000
0.000000
-0.000000
-4988928.000000
-6426624.000000
4085760.000000
-561152.000000
823296.000000
-89344.000000
-0.000000
0.000000
0.000000
-0.000000
0.000000
-0.000000
-0.000000
0.000000
0.000000
-0.000000
-168960.000000
-223744.000000
129024.000000
-17920.000000
29184.000000
-3072.000000
-0.000000
0.000000
0.000000
-0.000000
0.000000
-0.000000
-0.000000
0.000000
0.000000
-0.000000
4147200.000000
7501312.000000
-6639360.000000
1357824.000000
-3284736.000000
611328.000000
585984.000000
-203776.000000
-29184.000000
145664.000000
-0.000000
0.000000
0.000000
-0.000000
-0.000000
0.000000
-9211904.000000
-10618880.000000
6067200.000000
-834048.000000
1086464.000000
-0.000000
-0.000000
0.000000
0.000000
-0.000000
0.000000
-0.000000
-0.000000
0.000000
0.000000
-0.000000
2168320.000000
3049728.000000
-2198016.000000
334848.000000
-547840.000000
71168.000000
58624.000000
-0.000000
-0.000000
0.000000
-0.000000
0.000000
0.000000
-0.000000
-0.000000
0.000000
8366080.000000
8197888.000000
-4432384.000000
415488.000000
-541696.000000
0.000000
0.000000
-0.000000
-0.000000
0.000000
-0.000000
0.000000
0.000000
-0.000000
-0.000000
0.000000
-2509824.000000
-4727808.000000
4409856.000000
-1013760.000000
2426112.000000
-496128.000000
-529408.000000
204288.000000
33792.000000
-166912.000000
8448.000000
-60672.000000
-0.000000
0.000000
0.000000
-0.000000
8711168.000000
16862976.000000
-17352192.000000
4002560.000000
-10035712.000000
2208000.000000
2369280.000000
-960000.000000
-164352.000000
1097728.000000
-82176.000000
199168.000000
20480.000000
-0.000000
-0.000000
0.000000
3348736.000000
3813888.000000
-2085888.000000
256000.000000
-400384.000000
0.000000
0.000000
-0.000000
-0.000000
0.000000
-0.000000
0.000000
0.000000
-0.000000
-0.000000
0.000000
-3007488.000000
-4647936.000000
3637760.000000
-645120.000000
1257984.000000
-182272.000000
-149504.000000
45568.000000
0.000000
-0.000000
0.000000
-0.000000
-0.000000
0.000000
0.000000
-0.000000
-6799360.000000
-12238848.000000
10881024.000000
-2138112.000000
5222400.000000
-1019904.000000
-978432.000000
339968.000000
48640.000000
-242944.000000
0.000000
-0.000000
-0.000000
0.000000
0.000000
-0.000000
10859520.000000
10090496.000000
-4139520.000000
406528.000000
-0.000000
0.000000
0.000000
-0.000000
-0.000000
0.000000
-0.000000
0.000000
0.000000
-0.000000
-0.000000
0.000000
640512.000000
1017600.000000
-829440.000000
150528.000000
-306944.000000
53760.000000
44544.000000
-8960.000000
-0.000000
0.000000
-0.000000
0.000000
0.000000
-0.000000
-0.000000
0.000000
-2842112.000000
-5558272.000000
5806080.000000
-1327104.000000
3474432.000000
-755712.000000
-775680.000000
346368.000000
62720.000000
-449280.000000
26880.000000
-130048.000000
-6656.000000
0.000000
0.000000
-0.000000
-6453248.000000
-10315776.000000
8386560.000000
-1479680.000000
3179264.000000
-471040.000000
-463872.000000
94208.000000
0.000000
-0.000000
0.000000
-0.000000
-0.000000
0.000000
0.000000
-0.000000
5299456.000000
9656064.000000
-8611840.000000
1792000.000000
-4193280.000000
845312.000000
747264.000000
-260096.000000
-37376.000000
185856.000000
-18688.000000
0.000000
0.000000
-0.000000
-0.000000
0.000000
-439296.000000
-800768.000000
705536.000000
-138240.000000
304640.000000
-58880.000000
-56832.000000
17664.000000
3072.000000
-16640.000000
0.000000
-0.000000
-0.000000
0.000000
0.000000
-0.000000
2069504.000000
4126720.000000
-4612608.000000
1044480.000000
-2996224.000000
638464.000000
763392.000000
-308224.000000
-64000.000000
442624.000000
-25600.000000
137472.000000
9728.000000
-12544.000000
-11008.000000
0.000000
3002880.000000
2748928.000000
-1288192.000000
110592.000000
-0.000000
0.000000
0.000000
-0.000000
-0.000000
0.000000
-0.000000
0.000000
0.000000
-0.000000
-0.000000
0.000000
2416128.000000
2137344.000000
-849408.000000
48640.000000
-0.000000
0.000000
0.000000
-0.000000
-0.000000
0.000000
-0.000000
0.000000
0.000000
-0.000000
-0.000000
0.000000
4761600.000000
9338368.000000
-10272768.000000
2331136.000000
-6434048.000000
1433600.000000
1595392.000000
-665600.000000
-131328.000000
875520.000000
-58368.000000
317184.000000
11008.000000
-29184.000000
-0.000000
0.000000
7660800.000000
7499520.000000
-4055040.000000
380160.000000
-495616.000000
0.000000
0.000000
-0.000000
-0.000000
0.000000
-0.000000
0.000000
0.000000
-0.000000
-0.000000
0.000000
