-87526.000000
-261106.000000
397116.000000
-132150.000000
530650.000000
-173098.000000
-290293.000000
170367.000000
48982.000000
-493787.000000
49822.000000
-359752.000000
-31183.000000
99361.000000
92364.000000
-451542.000000
19320.000000
57636.000000
-87658.000000
29170.000000
-117134.000000
38209.000000
64078.000000
-37606.000000
-10812.000000
108997.000000
-10998.000000
79410.000000
6883.000000
-21933.000000
-20388.000000
99672.000000
-68252.000000
-203610.000000
309671.000000
-103051.000000
413800.000000
-134981.000000
-226370.000000
132852.000000
38196.000000
-385054.000000
38851.000000
-280534.000000
-24316.000000
77481.000000
72025.000000
-352112.000000
-24554.000000
-73250.000000
111406.000000
-37073.000000
148867.000000
-48560.000000
-81438.000000
47794.000000
13741.000000
-138525.000000
13977.000000
-100924.000000
-8748.000000
27874.000000
25911.000000
-126674.000000
-19548.000000
-58317.000000
88694.000000
-29515.000000
118518.000000
-38661.000000
-64836.000000
38051.000000
10940.000000
-110285.000000
11127.000000
-80349.000000
-6964.000000
22192.000000
20629.000000
-100850.000000
1012.000000
3018.000000
-4590.000000
1527.000000
-6133.000000
2001.000000
3355.000000
-1969.000000
-566.000000
5707.000000
-576.000000
4158.000000
360.000000
-1148.000000
-1068.000000
5219.000000
148571.000000
443216.000000
-674087.000000
224320.000000
-900756.000000
293826.000000
492759.000000
-289190.000000
-83145.000000
838181.000000
-84571.000000
610663.000000
52931.000000
-168660.000000
-156784.000000
766472.000000
-57429.000000
-171321.000000
260563.000000
-86709.000000
348179.000000
-113576.000000
-190472.000000
111784.000000
32139.000000
-323992.000000
32690.000000
-236047.000000
-20460.000000
65194.000000
60603.000000
-296273.000000
-18725.000000
-55861.000000
84960.000000
-28272.000000
113528.000000
-37033.000000
-62106.000000
36449.000000
10479.000000
-105641.000000
10659.000000
-76966.000000
-6671.000000
21257.000000
19760.000000
-96603.000000
-23970.000000
-71506.000000
108753.000000
-36190.000000
145322.000000
-47404.000000
-79499.000000
46656.000000
13414.000000
-135227.000000
13644.000000
-98521.000000
-8540.000000
27211.000000
25295.000000
-123658.000000
-45471.000000
-135649.000000
206309.000000
-68654.000000
275682.000000
-89927.000000
-150812.000000
88509.000000
25447.000000
-256531.000000
25883.000000
-186897.000000
-16200.000000
51620.000000
47985.000000
-234584.000000
-1430.000000
-4267.000000
6490.000000
-2160.000000
8672.000000
-2829.000000
-4744.000000
2784.000000
800.000000
-8070.000000
814.000000
-5879.000000
-510.000000
1624.000000
1509.000000
-7379.000000
25772.000000
76883.000000
-116931.000000
38912.000000
-156250.000000
50969.000000
85477.000000
-50165.000000
-14423.000000
145396.000000
-14670.000000
105929.000000
9182.000000
-29257.000000
-27197.000000
132957.000000
-89487.000000
-266956.000000
406013.000000
-135111.000000
542539.000000
-176976.000000
-296797.000000
174184.000000
50080.000000
-504850.000000
50938.000000
-367812.000000
-31881.000000
101587.000000
94433.000000
-461658.000000
17750.000000
52952.000000
-80535.000000
26800.000000
-107616.000000
35104.000000
58872.000000
-34550.000000
-9934.000000
100140.000000
-10104.000000
72958.000000
6324.000000
-20150.000000
-18731.000000
91573.000000
87964.000000
262413.000000
-399104.000000
132812.000000
-533306.000000
173964.000000
291746.000000
-171220.000000
-49227.000000
496258.000000
-50071.000000
361553.000000
31339.000000
-99858.000000
-92826.000000
453801.000000
-14460.000000
-43138.000000
65609.000000
-21833.000000
87671.000000
-28598.000000
-47960.000000
28147.000000
8093.000000
-81580.000000
8231.000000
-59436.000000
-5152.000000
16416.000000
15260.000000
-74601.000000
48421.000000
144450.000000
-219694.000000
73109.000000
-293568.000000
95761.000000
160596.000000
-94251.000000
-27098.000000
273174.000000
-27563.000000
199023.000000
17251.000000
-54969.000000
-51098.000000
249803.000000
32617.000000
97302.000000
-147987.000000
49246.000000
-197748.000000
64505.000000
108178.000000
-63488.000000
-18253.000000
184011.000000
-18566.000000
134063.000000
11620.000000
-37027.000000
-34420.000000
168268.000000
-22732.000000
-67815.000000
103140.000000
-34322.000000
137822.000000
-44957.000000
-75396.000000
44248.000000
12722.000000
-128247.000000
12940.000000
-93436.000000
-8099.000000
25806.000000
23989.000000
-117275.000000
-43211.000000
-128907.000000
196054.000000
-65242.000000
261980.000000
-85457.000000
-143316.000000
84109.000000
24182.000000
-243780.000000
24597.000000
-177608.000000
-15395.000000
49054.000000
45600.000000
-222924.000000
129429.000000
386111.000000
-587237.000000
195418.000000
-784700.000000
255968.000000
429271.000000
-251930.000000
-72433.000000
730188.000000
-73674.000000
531984.000000
46111.000000
-146930.000000
-136583.000000
667718.000000
4544.000000
13557.000000
-20619.000000
6861.000000
-27552.000000
8987.000000
15072.000000
-8846.000000
-2543.000000
25638.000000
-2587.000000
18679.000000
1619.000000
-5159.000000
-4796.000000
23444.000000
-15929.000000
-47519.000000
72272.000000
-24050.000000
96575.000000
-31503.000000
-52831.000000
31006.000000
8914.000000
-89866.000000
9067.000000
-65472.000000
-5675.000000
18083.000000
16810.000000
-82177.000000
-47503.000000
-141712.000000
215530.000000
-71723.000000
288004.000000
-93946.000000
-157553.000000
92464.000000
26584.000000
-267996.000000
27040.000000
-195251.000000
-16924.000000
53927.000000
50129.000000
-245068.000000
32439.000000
96773.000000
-147182.000000
48979.000000
-196674.000000
64155.000000
107591.000000
-63143.000000
-18154.000000
183011.000000
-18465.000000
133334.000000
11557.000000
-36826.000000
-34233.000000
167354.000000
-3276.000000
-9772.000000
14863.000000
-4946.000000
19860.000000
-6478.000000
-10865.000000
6376.000000
1833.000000
-18481.000000
1865.000000
-13464.000000
-1167.000000
3719.000000
3457.000000
-16900.000000
11194.000000
33394.000000
-50790.000000
16901.000000
-67868.000000
22138.000000
37127.000000
-21789.000000
-6265.000000
63153.000000
-6372.000000
46011.000000
3988.000000
-12708.000000
-11813.000000
57750.000000
34565.000000
103114.000000
-156826.000000
52188.000000
-209560.000000
68358.000000
114640.000000
-67280.000000
-19344.000000
195002.000000
-19675.000000
142070.000000
12314.000000
-39239.000000
-36476.000000
178319.000000
30436.000000
90795.000000
-138091.000000
45953.000000
-184525.000000
60192.000000
100945.000000
-59242.000000
-17033.000000
171706.000000
-17325.000000
125098.000000
10843.000000
-34551.000000
-32118.000000
157016.000000
25382.000000
75721.000000
-115163.000000
38323.000000
-153888.000000
50198.000000
84185.000000
-49406.000000
-14205.000000
143198.000000
-14448.000000
104328.000000
9043.000000
-28815.000000
-26785.000000
130947.000000
80697.000000
240734.000000
-366132.000000
121840.000000
-489247.000000
159592.000000
267643.000000
-157074.000000
-45160.000000
455259.000000
-45935.000000
331683.000000
28750.000000
-91608.000000
-85157.000000
416310.000000
-57756.000000
-156096.000000
675126.000000
147452.000000
651150.000000
306711.000000
-17717.000000
219325.000000
-301293.000000
-215237.000000
-244256.000000
-325950.000000
289696.000000
167017.000000
97291.000000
-325107.000000
-11001.000000
-29732.000000
128594.000000
28086.000000
124027.000000
58421.000000
-3375.000000
41776.000000
-57389.000000
-40997.000000
-46524.000000
-62085.000000
55180.000000
31812.000000
18531.000000
-61924.000000
-56529.000000
-152780.000000
660785.000000
144320.000000
637318.000000
300196.000000
-17340.000000
214666.000000
-294893.000000
-210665.000000
-239067.000000
-319026.000000
283542.000000
163470.000000
95224.000000
-318201.000000
6562.000000
17736.000000
-76710.000000
-16754.000000
-73986.000000
-34849.000000
2013.000000
-24920.000000
34234.000000
24456.000000
27753.000000
37035.000000
-32916.000000
-18977.000000
-11054.000000
36940.000000
-1649.000000
-4458.000000
19279.000000
4211.000000
18595.000000
8759.000000
-506.000000
6263.000000
-8604.000000
-6146.000000
-6975.000000
-9308.000000
8273.000000
4769.000000
2778.000000
-9284.000000
-12974.000000
-35065.000000
151656.000000
33123.000000
146270.000000
68898.000000
-3980.000000
49268.000000
-67681.000000
-48350.000000
-54868.000000
-73219.000000
65076.000000
37518.000000
21855.000000
-73030.000000
-11118.000000
-30048.000000
129959.000000
28384.000000
125343.000000
59040.000000
-3410.000000
42219.000000
-57998.000000
-41432.000000
-47018.000000
-62744.000000
55765.000000
32150.000000
18728.000000
-62582.000000
-102573.000000
-277223.000000
1199009.000000
261872.000000
1156427.000000
544712.000000
-31465.000000
389516.000000
-535090.000000
-382256.000000
-433792.000000
-578880.000000
514494.000000
296619.000000
172786.000000
-577382.000000
-11602.000000
-31356.000000
135619.000000
29620.000000
130802.000000
61612.000000
-3559.000000
44058.000000
-60523.000000
-43237.000000
-49066.000000
-65476.000000
58194.000000
33550.000000
19544.000000
-65307.000000
2515.000000
6798.000000
-29402.000000
-6422.000000
-28357.000000
-13357.000000
772.000000
-9552.000000
13121.000000
9374.000000
10637.000000
14195.000000
-12616.000000
-7274.000000
-4237.000000
14158.000000
-39552.000000
-106898.000000
462340.000000
100978.000000
445920.000000
210042.000000
-12133.000000
150198.000000
-206331.000000
-147399.000000
-167271.000000
-223217.000000
198390.000000
114377.000000
66627.000000
-222639.000000
19432.000000
52519.000000
-227148.000000
-49611.000000
-219081.000000
-103194.000000
5961.000000
-73793.000000
101371.000000
72417.000000
82181.000000
109667.000000
-97469.000000
-56193.000000
-32734.000000
109383.000000
24349.000000
65809.000000
-284627.000000
-62164.000000
-274519.000000
-129306.000000
7469.000000
-92465.000000
127022.000000
90742.000000
102976.000000
137417.000000
-122133.000000
-70413.000000
-41017.000000
137062.000000
-61714.000000
-166793.000000
721392.000000
157557.000000
695772.000000
327729.000000
-18931.000000
234355.000000
-321940.000000
-229987.000000
-260994.000000
-348287.000000
309549.000000
178463.000000
103958.000000
-347386.000000
84315.000000
227878.000000
-985588.000000
-215259.000000
-950585.000000
-447754.000000
25864.000000
-320183.000000
439845.000000
314216.000000
356578.000000
475840.000000
-422915.000000
-243821.000000
-142031.000000
474609.000000
1802.000000
4871.000000
-21067.000000
-4601.000000
-20319.000000
-9571.000000
553.000000
-6844.000000
9402.000000
6716.000000
7622.000000
10171.000000
-9040.000000
-5212.000000
-3036.000000
10145.000000
-10814.000000
-29227.000000
126409.000000
27609.000000
121920.000000
57428.000000
-3317.000000
41066.000000
-56414.000000
-40301.000000
-45734.000000
-61030.000000
54242.000000
31272.000000
18217.000000
-60872.000000
9515.000000
25716.000000
-111224.000000
-24292.000000
-107274.000000
-50529.000000
2919.000000
-36133.000000
49637.000000
35459.000000
40240.000000
53699.000000
-47726.000000
-27515.000000
-16028.000000
53560.000000
13902.000000
37572.000000
-162502.000000
-35491.000000
-156730.000000
-73825.000000
4264.000000
-52791.000000
72521.000000
51807.000000
58792.000000
78456.000000
-69729.000000
-40201.000000
-23418.000000
78253.000000
7922.000000
21412.000000
-92608.000000
-20226.000000
-89319.000000
-42072.000000
2430.000000
-30085.000000
41329.000000
29524.000000
33505.000000
44711.000000
-39738.000000
-22910.000000
-13346.000000
44595.000000
-50125.000000
-135473.000000
585931.000000
127971.000000
565122.000000
266189.000000
-15376.000000
190348.000000
-261487.000000
-186801.000000
-211985.000000
-282886.000000
251423.000000
144952.000000
84437.000000
-282155.000000
128031.000000
346029.000000
-1496596.000000
-326867.000000
-1443446.000000
-679906.000000
39274.000000
-486192.000000
667896.000000
477130.000000
541457.000000
722554.000000
-642189.000000
-370238.000000
-215671.000000
720685.000000
15435.000000
41717.000000
-180429.000000
-39407.000000
-174021.000000
-81969.000000
4735.000000
-58615.000000
80521.000000
57523.000000
65278.000000
87111.000000
-77422.000000
-44636.000000
-26001.000000
86885.000000
-27380.000000
-73999.000000
320049.000000
69901.000000
308683.000000
145399.000000
-8399.000000
103973.000000
-142830.000000
-102035.000000
-115791.000000
-154519.000000
137333.000000
79176.000000
46122.000000
-154120.000000
-51265.000000
-138553.000000
599251.000000
130881.000000
577969.000000
272241.000000
-15726.000000
194676.000000
-267432.000000
-191047.000000
-216805.000000
-289317.000000
257138.000000
148247.000000
86357.000000
-288569.000000
120738.000000
326318.000000
-1411344.000000
-308247.000000
-1361221.000000
-641176.000000
37037.000000
-458496.000000
629850.000000
449951.000000
510614.000000
681395.000000
-605607.000000
-349148.000000
-203386.000000
679632.000000
2251.000000
6085.000000
-26317.000000
-5748.000000
-25382.000000
-11956.000000
691.000000
-8549.000000
11744.000000
8390.000000
9521.000000
12706.000000
-11292.000000
-6510.000000
-3792.000000
12673.000000
-2169.000000
-5863.000000
25356.000000
5538.000000
24456.000000
11519.000000
-665.000000
8237.000000
-11316.000000
-8084.000000
-9174.000000
-12242.000000
10880.000000
6273.000000
3654.000000
-12210.000000
112780.000000
304809.000000
-1318320.000000
-287930.000000
-1271501.000000
-598915.000000
34595.000000
-428276.000000
588335.000000
420294.000000
476958.000000
636483.000000
-565690.000000
-326135.000000
-189980.000000
634836.000000
87509.000000
236508.000000
-1022912.000000
-223411.000000
-986584.000000
-464711.000000
26843.000000
-332309.000000
456502.000000
326115.000000
370082.000000
493860.000000
-438931.000000
-253055.000000
-147410.000000
492583.000000
9267.000000
25045.000000
-108323.000000
-23658.000000
-104476.000000
-49211.000000
2843.000000
-35190.000000
48342.000000
34534.000000
39190.000000
52298.000000
-46481.000000
-26798.000000
-15610.000000
52163.000000
40672.000000
109925.000000
-475430.000000
-103837.000000
-458546.000000
-215989.000000
12476.000000
-154451.000000
212174.000000
151572.000000
172007.000000
229537.000000
-204007.000000
-117615.000000
-68513.000000
228943.000000
-281751.000000
171262.000000
-219957.000000
173716.000000
-103740.000000
-453810.000000
-343395.000000
167234.000000
223335.000000
259270.000000
237367.000000
-65289.000000
15915.000000
-211260.000000
-233310.000000
-30865.000000
-108046.000000
65676.000000
-84349.000000
66617.000000
-39782.000000
-174028.000000
-131686.000000
64131.000000
85645.000000
99426.000000
91026.000000
-25037.000000
6103.000000
-81015.000000
-89470.000000
-11836.000000
363714.000000
-221084.000000
283943.000000
-224250.000000
133918.000000
585826.000000
443290.000000
-215883.000000
-288305.000000
-334694.000000
-306419.000000
84282.000000
-20545.000000
272717.000000
301182.000000
39844.000000
139066.000000
-84532.000000
108566.000000
-85742.000000
51204.000000
223991.000000
169492.000000
-82543.000000
-110234.000000
-127970.000000
-117159.000000
32225.000000
-7856.000000
104274.000000
115157.000000
15235.000000
113606.000000
-69055.000000
88690.000000
-70044.000000
41829.000000
182982.000000
138461.000000
-67431.000000
-90052.000000
-104541.000000
-95710.000000
26325.000000
-6417.000000
85183.000000
94074.000000
12445.000000
250590.000000
-152321.000000
195630.000000
-154503.000000
92267.000000
403620.000000
305416.000000
-148738.000000
-198635.000000
-230596.000000
-211115.000000
58068.000000
-14155.000000
187896.000000
207507.000000
27452.000000
-756282.000000
459706.000000
-590413.000000
466291.000000
-278461.000000
-1218126.000000
-921748.000000
448893.000000
599481.000000
695939.000000
637147.000000
-175250.000000
42721.000000
-567070.000000
-626257.000000
-82850.000000
649548.000000
-394828.000000
507088.000000
-400484.000000
239162.000000
1046212.000000
791662.000000
-385541.000000
-514876.000000
-597721.000000
-547226.000000
150517.000000
-36692.000000
487039.000000
537873.000000
71157.000000
25689.000000
-15615.000000
20055.000000
-15839.000000
9459.000000
41377.000000
31310.000000
-15248.000000
-20363.000000
-23640.000000
-21643.000000
5953.000000
-1451.000000
19262.000000
21273.000000
2814.000000
-169010.000000
102733.000000
-131942.000000
104204.000000
-62229.000000
-272220.000000
-205987.000000
100316.000000
133969.000000
155525.000000
142386.000000
-39164.000000
9547.000000
-126726.000000
-139952.000000
-18515.000000
346130.000000
-210395.000000
270216.000000
-213409.000000
127444.000000
557504.000000
421860.000000
-205447.000000
-274367.000000
-318513.000000
-291605.000000
80207.000000
-19552.000000
259533.000000
286621.000000
37918.000000
-459145.000000
279092.000000
-358445.000000
283089.000000
-169056.000000
-739535.000000
-559601.000000
272527.000000
363950.000000
422511.000000
386817.000000
-106396.000000
25936.000000
-344273.000000
-380206.000000
-50299.000000
-253850.000000
154303.000000
-198175.000000
156513.000000
-93467.000000
-408870.000000
-309389.000000
150673.000000
201219.000000
233595.000000
213861.000000
-58823.000000
14339.000000
-190340.000000
-210206.000000
-27809.000000
118780.000000
-72200.000000
92729.000000
-73235.000000
43734.000000
191316.000000
144768.000000
-70502.000000
-94153.000000
-109303.000000
-100069.000000
27524.000000
-6710.000000
89063.000000
98359.000000
13012.000000
-1789277.000000
1087613.000000
-1396849.000000
1103192.000000
-658806.000000
-2881948.000000
-2180750.000000
1062030.000000
1418304.000000
1646513.000000
1507416.000000
-414621.000000
101072.000000
-1341622.000000
-1481653.000000
-196013.000000
44747.000000
-27200.000000
34933.000000
-27589.000000
16476.000000
72074.000000
54538.000000
-26560.000000
-35470.000000
-41177.000000
-37698.000000
10369.000000
-2528.000000
33552.000000
37054.000000
4902.000000
166531.000000
-101226.000000
130007.000000
-102676.000000
61316.000000
268227.000000
202966.000000
-98845.000000
-132004.000000
-153244.000000
-140298.000000
38589.000000
-9407.000000
124867.000000
137900.000000
18243.000000
-150356.000000
91394.000000
-117380.000000
92703.000000
-55361.000000
-242175.000000
-183252.000000
89244.000000
119183.000000
138359.000000
126671.000000
-34841.000000
8493.000000
-112739.000000
-124506.000000
-16471.000000
-98148.000000
59659.000000
-76622.000000
60514.000000
-36138.000000
-158085.000000
-119622.000000
58256.000000
77799.000000
90317.000000
82687.000000
-22743.000000
5544.000000
-73592.000000
-81274.000000
-10752.000000
-183475.000000
111525.000000
-143235.000000
113123.000000
-67555.000000
-295519.000000
-223617.000000
108902.000000
145435.000000
168836.000000
154573.000000
-42516.000000
10364.000000
-137572.000000
-151931.000000
-20099.000000
416441.000000
-253134.000000
325106.000000
-256760.000000
153332.000000
670752.000000
507554.000000
-247180.000000
-330100.000000
-383214.000000
-350840.000000
96500.000000
-23524.000000
312253.000000
344844.000000
45621.000000
-1550859.000000
942690.000000
-1210721.000000
956194.000000
-571022.000000
-2497933.000000
-1890170.000000
920516.000000
1229318.000000
1427118.000000
1306556.000000
-359374.000000
87605.000000
-1162854.000000
-1284225.000000
-169894.000000
-78404.000000
47658.000000
-61209.000000
48341.000000
-28868.000000
-126284.000000
-95558.000000
46537.000000
62149.000000
72149.000000
66054.000000
-18168.000000
4429.000000
-58789.000000
-64925.000000
-8589.000000
239333.000000
-145479.000000
186842.000000
-147563.000000
88122.000000
385489.000000
291697.000000
-142057.000000
-189712.000000
-220237.000000
-201632.000000
55460.000000
-13519.000000
179455.000000
198186.000000
26219.000000
228001.000000
-138590.000000
177995.000000
-140576.000000
83949.000000
367236.000000
277885.000000
-135330.000000
-180729.000000
-209809.000000
-192084.000000
52834.000000
-12879.000000
170958.000000
188801.000000
24977.000000
-184291.000000
112022.000000
-143872.000000
113626.000000
-67856.000000
-296834.000000
-224612.000000
109387.000000
146082.000000
169587.000000
155260.000000
-42705.000000
10410.000000
-138184.000000
-152607.000000
-20189.000000
22576.000000
-13723.000000
17625.000000
-13920.000000
8313.000000
36363.000000
27516.000000
-13400.000000
-17896.000000
-20775.000000
-19020.000000
5232.000000
-1275.000000
16928.000000
18695.000000
2473.000000
-30979.000000
18830.000000
-24184.000000
19100.000000
-11406.000000
-49896.000000
-37756.000000
18387.000000
24556.000000
28507.000000
26099.000000
-7179.000000
1750.000000
-23228.000000
-25653.000000
-3394.000000
-971563.000000
590565.000000
-758477.000000
599024.000000
-357726.000000
-1564874.000000
-1184130.000000
576674.000000
770128.000000
894043.000000
818514.000000
-225136.000000
54881.000000
-728490.000000
-804525.000000
-106433.000000
215.000000
-131.000000
168.000000
-133.000000
79.000000
346.000000
262.000000
-128.000000
-171.000000
-198.000000
-181.000000
50.000000
-12.000000
161.000000
178.000000
24.000000
-64477.000000
39192.000000
-50335.000000
39753.000000
-23740.000000
-103851.000000
-78583.000000
38270.000000
51109.000000
59332.000000
54320.000000
-14941.000000
3642.000000
-48345.000000
-53391.000000
-7063.000000
-685054.000000
416410.000000
-534806.000000
422375.000000
-252235.000000
-1103401.000000
-834936.000000
406616.000000
543021.000000
630394.000000
577139.000000
-158745.000000
38697.000000
-513662.000000
-567275.000000
-75047.000000
196778.000000
-602522.000000
414519.000000
121329.000000
439781.000000
426221.000000
-20547.000000
197775.000000
-117293.000000
-389166.000000
-440324.000000
-185628.000000
68361.000000
243621.000000
-247143.000000
101906.000000
72437.000000
-221797.000000
152590.000000
44663.000000
161889.000000
156898.000000
-7564.000000
72804.000000
-43177.000000
-143258.000000
-162089.000000
-68332.000000
25165.000000
89680.000000
-90977.000000
37513.000000
198600.000000
-608103.000000
418358.000000
122453.000000
443854.000000
430169.000000
-20738.000000
199607.000000
-118380.000000
-392771.000000
-444402.000000
-187347.000000
68994.000000
245877.000000
-249432.000000
102850.000000
-187955.000000
575507.000000
-395933.000000
-115889.000000
-420062.000000
-407111.000000
19626.000000
-188907.000000
112034.000000
371717.000000
420581.000000
177305.000000
-65296.000000
-232698.000000
236062.000000
-97337.000000
109215.000000
-334411.000000
230066.000000
67340.000000
244087.000000
236561.000000
-11404.000000
109769.000000
-65100.000000
-215995.000000
-244388.000000
-103027.000000
37942.000000
135214.000000
-137169.000000
56560.000000
24894.000000
-76223.000000
52439.000000
15349.000000
55635.000000
53920.000000
-2599.000000
25020.000000
-14838.000000
-49232.000000
-55704.000000
-23483.000000
8648.000000
30820.000000
-31265.000000
12892.000000
-73772.000000
225886.000000
-155403.000000
-45486.000000
-164874.000000
-159790.000000
7703.000000
-74146.000000
43973.000000
145898.000000
165077.000000
69592.000000
-25629.000000
-91334.000000
92654.000000
-38205.000000
114874.000000
-351739.000000
241987.000000
70829.000000
256734.000000
248818.000000
-11995.000000
115457.000000
-68473.000000
-227186.000000
-257051.000000
-108365.000000
39908.000000
142220.000000
-144276.000000
59490.000000
-9664.000000
29591.000000
-20357.000000
-5959.000000
-21598.000000
-20932.000000
1009.000000
-9713.000000
5760.000000
19112.000000
21625.000000
9116.000000
-3357.000000
-11965.000000
12137.000000
-5005.000000
26086.000000
-79874.000000
54951.000000
16084.000000
58300.000000
56502.000000
-2724.000000
26218.000000
-15549.000000
-51590.000000
-58372.000000
-24608.000000
9062.000000
32296.000000
-32763.000000
13509.000000
116139.000000
-355612.000000
244652.000000
71609.000000
259561.000000
251558.000000
-12127.000000
116728.000000
-69227.000000
-229688.000000
-259882.000000
-109559.000000
40347.000000
143787.000000
-145865.000000
60146.000000
-129816.000000
397487.000000
-273461.000000
-80041.000000
-290126.000000
-281181.000000
13555.000000
-130473.000000
77379.000000
256735.000000
290484.000000
122460.000000
-45098.000000
-160718.000000
163042.000000
-67228.000000
-12619.000000
38639.000000
-26583.000000
-7781.000000
-28203.000000
-27333.000000
1318.000000
-12683.000000
7522.000000
24957.000000
28238.000000
11904.000000
-4384.000000
-15623.000000
15849.000000
-6535.000000
-9833.000000
30108.000000
-20714.000000
-6063.000000
-21976.000000
-21298.000000
1027.000000
-9883.000000
5861.000000
19447.000000
22003.000000
9276.000000
-3416.000000
-12174.000000
12350.000000
-5092.000000
-169213.000000
518120.000000
-356453.000000
-104333.000000
-378176.000000
-366516.000000
17669.000000
-170071.000000
100863.000000
334652.000000
378643.000000
159625.000000
-58785.000000
-209494.000000
212523.000000
-87631.000000
-209122.000000
640319.000000
-440522.000000
-128940.000000
-467369.000000
-452959.000000
21836.000000
-210182.000000
124651.000000
413579.000000
467946.000000
197273.000000
-72650.000000
-258904.000000
262647.000000
-108299.000000
-34217.000000
104770.000000
-72079.000000
-21097.000000
-76471.000000
-74113.000000
3573.000000
-34390.000000
20396.000000
67670.000000
76566.000000
32278.000000
-11887.000000
-42362.000000
42974.000000
-17720.000000
-9091.000000
27837.000000
-19151.000000
-5605.000000
-20318.000000
-19691.000000
949.000000
-9137.000000
5419.000000
17979.000000
20343.000000
8576.000000
-3158.000000
-11255.000000
11418.000000
-4708.000000
-370247.000000
1133674.000000
-779937.000000
-228286.000000
-827468.000000
-801956.000000
38661.000000
-372123.000000
220693.000000
732235.000000
828490.000000
349268.000000
-128625.000000
-458385.000000
465011.000000
-191741.000000
50582.000000
-154878.000000
106552.000000
31187.000000
113045.000000
109560.000000
-5282.000000
50838.000000
-30150.000000
-100035.000000
-113185.000000
-47715.000000
17572.000000
62623.000000
-63528.000000
26195.000000
126166.000000
-386312.000000
265772.000000
77791.000000
281969.000000
273275.000000
-13174.000000
126805.000000
-75204.000000
-249517.000000
-282317.000000
-119017.000000
43830.000000
156200.000000
-158458.000000
65338.000000
-290073.000000
888186.000000
-611048.000000
-178852.000000
-648286.000000
-628298.000000
30289.000000
-291543.000000
172904.000000
573675.000000
649086.000000
273637.000000
-100772.000000
-359125.000000
364316.000000
-150221.000000
-190619.000000
583665.000000
-401546.000000
-117532.000000
-426017.000000
-412882.000000
19904.000000
-191585.000000
113622.000000
376987.000000
426543.000000
179818.000000
-66222.000000
-235996.000000
239408.000000
-98717.000000
102895.000000
-315058.000000
216751.000000
63443.000000
229961.000000
222871.000000
-10744.000000
103416.000000
-61333.000000
-203495.000000
-230245.000000
-97065.000000
35746.000000
127389.000000
-129231.000000
53287.000000
76291.000000
-233597.000000
160709.000000
47039.000000
170502.000000
165246.000000
-7966.000000
76677.000000
-45474.000000
-150879.000000
-170713.000000
-71968.000000
26504.000000
94452.000000
-95817.000000
39509.000000
-104887.000000
321158.000000
-220948.000000
-64671.000000
-234413.000000
-227185.000000
10952.000000
-105418.000000
62520.000000
207434.000000
234702.000000
98944.000000
-36438.000000
-129855.000000
131733.000000
-54318.000000
89081.000000
-272762.000000
187653.000000
54926.000000
199089.000000
192951.000000
-9302.000000
89533.000000
-53099.000000
-176176.000000
-199335.000000
-84034.000000
30947.000000
110287.000000
-111882.000000
46133.000000
14046.000000
-43008.000000
29589.000000
8661.000000
31392.000000
30424.000000
-1467.000000
14117.000000
-8372.000000
-27779.000000
-31430.000000
-13250.000000
4880.000000
17390.000000
-17641.000000
7274.000000
-140796.000000
431109.000000
-296591.000000
-86812.000000
-314666.000000
-304964.000000
14702.000000
-141509.000000
83924.000000
278451.000000
315055.000000
132818.000000
-48913.000000
-174313.000000
176832.000000
-72915.000000
143898.000000
-440606.000000
303125.000000
88724.000000
321598.000000
311683.000000
-15026.000000
144627.000000
-85773.000000
-284586.000000
-321995.000000
-135744.000000
49990.000000
178153.000000
-180728.000000
74521.000000
-128675.000000
393997.000000
-271059.000000
-79338.000000
-287578.000000
-278711.000000
13436.000000
-129328.000000
76700.000000
254481.000000
287933.000000
121384.000000
-44702.000000
-159307.000000
161610.000000
-66638.000000
-539719.000000
1652588.000000
-1136936.000000
-332779.000000
-1206223.000000
-1169033.000000
56357.000000
-542454.000000
321710.000000
1067399.000000
1207712.000000
509138.000000
-187500.000000
-668200.000000
677859.000000
-279506.000000
