2188.000000
-1229.000000
1536.000000
-1229.000000
422.000000
1920.000000
-422.000000
38.000000
307.000000
-2611.000000
230.000000
921.000000
-2035.000000
1229.000000
537.000000
38.000000
-74.000000
42.000000
-52.000000
42.000000
-14.000000
-65.000000
14.000000
-1.000000
-10.000000
88.000000
-8.000000
-31.000000
69.000000
-42.000000
-18.000000
-1.000000
2585.000000
-1451.000000
1814.000000
-1451.000000
499.000000
2268.000000
-499.000000
45.000000
363.000000
-3084.000000
272.000000
1088.000000
-2404.000000
1451.000000
635.000000
45.000000
-1159.000000
651.000000
-814.000000
651.000000
-224.000000
-1017.000000
224.000000
-20.000000
-163.000000
1383.000000
-122.000000
-488.000000
1078.000000
-651.000000
-285.000000
-20.000000
-1178.000000
662.000000
-827.000000
662.000000
-227.000000
-1034.000000
227.000000
-21.000000
-165.000000
1406.000000
-124.000000
-496.000000
1096.000000
-662.000000
-289.000000
-21.000000
1576.000000
-885.000000
1106.000000
-885.000000
304.000000
1383.000000
-304.000000
28.000000
221.000000
-1881.000000
166.000000
664.000000
-1466.000000
885.000000
387.000000
28.000000
2460.000000
-1381.000000
1727.000000
-1381.000000
475.000000
2158.000000
-475.000000
43.000000
345.000000
-2935.000000
259.000000
1036.000000
-2288.000000
1381.000000
604.000000
43.000000
810.000000
-455.000000
569.000000
-455.000000
156.000000
711.000000
-156.000000
14.000000
114.000000
-967.000000
85.000000
341.000000
-754.000000
455.000000
199.000000
14.000000
114.000000
-64.000000
80.000000
-64.000000
22.000000
100.000000
-22.000000
2.000000
16.000000
-136.000000
12.000000
48.000000
-106.000000
64.000000
28.000000
2.000000
791.000000
-444.000000
555.000000
-444.000000
153.000000
694.000000
-153.000000
14.000000
111.000000
-944.000000
83.000000
333.000000
-735.000000
444.000000
194.000000
14.000000
2302.000000
-1293.000000
1616.000000
-1293.000000
444.000000
2020.000000
-444.000000
40.000000
323.000000
-2747.000000
242.000000
969.000000
-2141.000000
1293.000000
565.000000
40.000000
-1581.000000
887.000000
-1109.000000
887.000000
-305.000000
-1387.000000
305.000000
-28.000000
-222.000000
1886.000000
-166.000000
-666.000000
1470.000000
-887.000000
-388.000000
-28.000000
-814.000000
457.000000
-571.000000
457.000000
-157.000000
-714.000000
157.000000
-14.000000
-114.000000
971.000000
-86.000000
-343.000000
756.000000
-457.000000
-200.000000
-14.000000
106.000000
-60.000000
74.000000
-60.000000
20.000000
93.000000
-20.000000
2.000000
15.000000
-126.000000
11.000000
45.000000
-99.000000
60.000000
26.000000
2.000000
-8553.000000
4802.000000
-6002.000000
4802.000000
-1651.000000
-7502.000000
1651.000000
-150.000000
-1200.000000
10203.000000
-900.000000
-3601.000000
7952.000000
-4802.000000
-2101.000000
-150.000000
-1176.000000
660.000000
-825.000000
660.000000
-227.000000
-1031.000000
227.000000
-21.000000
-165.000000
1403.000000
-124.000000
-495.000000
1093.000000
-660.000000
-289.000000
-21.000000
443.000000
-249.000000
311.000000
-249.000000
85.000000
388.000000
-85.000000
8.000000
62.000000
-528.000000
47.000000
186.000000
-412.000000
249.000000
109.000000
8.000000
-3073.000000
1725.000000
-2157.000000
1725.000000
-593.000000
-2696.000000
593.000000
-54.000000
-431.000000
3666.000000
-324.000000
-1294.000000
2858.000000
-1725.000000
-755.000000
-54.000000
-2010.000000
1129.000000
-1411.000000
1129.000000
-388.000000
-1763.000000
388.000000
-35.000000
-282.000000
2398.000000
-212.000000
-846.000000
1869.000000
-1129.000000
-494.000000
-35.000000
-1187.000000
667.000000
-833.000000
667.000000
-229.000000
-1041.000000
229.000000
-21.000000
-167.000000
1416.000000
-125.000000
-500.000000
1104.000000
-667.000000
-292.000000
-21.000000
2039.000000
-1145.000000
1431.000000
-1145.000000
394.000000
1789.000000
-394.000000
36.000000
286.000000
-2433.000000
215.000000
859.000000
-1896.000000
1145.000000
501.000000
36.000000
-10779.000000
6051.000000
-7564.000000
6051.000000
-2080.000000
-9455.000000
2080.000000
-189.000000
-1513.000000
12859.000000
-1135.000000
-4539.000000
10023.000000
-6051.000000
-2647.000000
-189.000000
-2178.000000
1223.000000
-1528.000000
1223.000000
-420.000000
-1910.000000
420.000000
-38.000000
-306.000000
2598.000000
-229.000000
-917.000000
2025.000000
-1223.000000
-535.000000
-38.000000
1286.000000
-722.000000
902.000000
-722.000000
248.000000
1128.000000
-248.000000
23.000000
180.000000
-1534.000000
135.000000
541.000000
-1196.000000
722.000000
316.000000
23.000000
2079.000000
-1167.000000
1459.000000
-1167.000000
401.000000
1824.000000
-401.000000
36.000000
292.000000
-2480.000000
219.000000
875.000000
-1933.000000
1167.000000
511.000000
36.000000
1094.000000
-614.000000
768.000000
-614.000000
211.000000
960.000000
-211.000000
19.000000
154.000000
-1305.000000
115.000000
461.000000
-1017.000000
614.000000
269.000000
19.000000
976.000000
-548.000000
685.000000
-548.000000
188.000000
856.000000
-188.000000
17.000000
137.000000
-1165.000000
103.000000
411.000000
-908.000000
548.000000
240.000000
17.000000
-124.000000
70.000000
-87.000000
70.000000
-24.000000
-109.000000
24.000000
-2.000000
-17.000000
148.000000
-13.000000
-52.000000
116.000000
-70.000000
-31.000000
-2.000000
-1858.000000
1043.000000
-1304.000000
1043.000000
-359.000000
-1630.000000
359.000000
-33.000000
-261.000000
2216.000000
-196.000000
-782.000000
1727.000000
-1043.000000
-456.000000
-33.000000
2735.000000
-1536.000000
1920.000000
-1536.000000
528.000000
2399.000000
-528.000000
48.000000
384.000000
-3263.000000
288.000000
1152.000000
-2543.000000
1536.000000
672.000000
48.000000
-2195.000000
1232.000000
-1540.000000
1232.000000
-424.000000
-1925.000000
424.000000
-39.000000
-308.000000
2619.000000
-231.000000
-924.000000
2041.000000
-1232.000000
-539.000000
-39.000000
-1557.000000
874.000000
-1093.000000
874.000000
-301.000000
-1366.000000
301.000000
-27.000000
-219.000000
1858.000000
-164.000000
-656.000000
1448.000000
-874.000000
-382.000000
-27.000000
