-0.009510
0.001692
-0.000945
0.000583
-0.000138
-0.000313
-0.000080
0.000000
0.000000
0.000000
0.000000
-0.000000
0.000000
-0.000000
-0.000000
-0.000000
-0.004820
0.002241
-0.001132
0.001455
-0.000229
-0.001657
-0.000942
0.000371
0.000316
0.000296
0.000189
-0.000041
0.000007
-0.000056
-0.000041
-0.000005
0.008082
-0.002462
0.001125
-0.000303
0.000064
0.000000
0.000000
-0.000000
-0.000000
-0.000000
-0.000000
0.000000
-0.000000
0.000000
0.000000
0.000000
0.005375
-0.002299
0.001525
-0.000938
0.000292
0.000935
0.000478
-0.000135
-0.000101
-0.000091
-0.000028
0.000007
-0.000000
0.000000
0.000000
0.000000
0.003786
-0.001664
0.001189
-0.000474
0.000178
0.000461
0.000190
-0.000046
-0.000041
-0.000024
-0.000000
0.000000
-0.000000
0.000000
0.000000
0.000000
0.009289
-0.003846
0.003114
-0.001215
0.000536
0.001238
0.000500
-0.000137
-0.000138
-0.000054
-0.000050
0.000000
-0.000000
0.000000
0.000000
0.000000
-0.011466
0.001821
-0.000546
0.000107
-0.000000
-0.000000
-0.000000
0.000000
0.000000
0.000000
0.000000
-0.000000
0.000000
-0.000000
-0.000000
-0.000000
0.012461
-0.002786
0.001147
-0.000274
0.000000
0.000000
0.000000
-0.000000
-0.000000
-0.000000
-0.000000
0.000000
-0.000000
0.000000
0.000000
0.000000
0.000443
-0.000854
0.000762
-0.000101
0.000113
0.000137
0.000052
-0.000014
-0.000015
-0.000006
-0.000005
0.000000
-0.000000
0.000000
0.000000
0.000000
-0.006092
0.001930
-0.001510
0.000636
-0.000218
-0.000503
-0.000190
0.000046
0.000030
0.000000
0.000000
-0.000000
0.000000
-0.000000
-0.000000
-0.000000
0.008352
-0.002589
0.001358
-0.000341
0.000093
0.000130
0.000000
-0.000000
-0.000000
-0.000000
-0.000000
0.000000
-0.000000
0.000000
0.000000
0.000000
-0.011973
0.003333
-0.001857
0.000523
-0.000120
-0.000173
-0.000000
0.000000
0.000000
0.000000
0.000000
-0.000000
0.000000
-0.000000
-0.000000
-0.000000
-0.008319
0.003918
-0.003099
0.000978
-0.000415
-0.000873
-0.000363
0.000104
0.000047
0.000055
0.000000
-0.000000
0.000000
-0.000000
-0.000000
-0.000000
0.001888
-0.000759
0.000354
-0.000065
0.000011
0.000000
0.000000
-0.000000
-0.000000
-0.000000
-0.000000
0.000000
-0.000000
0.000000
0.000000
0.000000
-0.050140
0.015774
-0.009822
0.003274
-0.000947
-0.002018
-0.000509
0.000000
0.000000
0.000000
0.000000
-0.000000
0.000000
-0.000000
-0.000000
-0.000000
0.001212
-0.000163
0.000081
-0.000020
0.000004
0.000000
0.000000
-0.000000
-0.000000
-0.000000
-0.000000
0.000000
-0.000000
0.000000
0.000000
0.000000
0.006243
-0.003122
0.002679
-0.001032
0.000495
0.001151
0.000573
-0.000159
-0.000123
-0.000109
-0.000033
0.000009
-0.000000
0.000000
0.000000
0.000000
-0.005197
0.003869
-0.003632
0.001219
-0.000732
-0.001557
-0.000769
0.000262
0.000223
0.000197
0.000090
-0.000015
0.000002
-0.000027
-0.000000
-0.000000
-0.002174
0.000617
-0.000288
0.000071
-0.000018
-0.000000
-0.000000
0.000000
0.000000
0.000000
0.000000
-0.000000
0.000000
-0.000000
-0.000000
-0.000000
-0.005884
0.001857
-0.001341
0.000495
-0.000166
-0.000349
-0.000106
0.000025
0.000000
0.000000
0.000000
-0.000000
0.000000
-0.000000
-0.000000
-0.000000
0.013227
-0.006490
0.005201
-0.001569
0.000651
0.001423
0.000590
-0.000169
-0.000076
-0.000000
-0.000000
0.000000
-0.000000
0.000000
0.000000
0.000000
-0.029191
0.005940
-0.002032
0.000437
-0.000000
-0.000000
-0.000000
0.000000
0.000000
0.000000
0.000000
-0.000000
0.000000
-0.000000
-0.000000
-0.000000
-0.002276
0.001098
-0.000883
0.000228
-0.000102
-0.000179
-0.000067
0.000011
0.000000
0.000000
0.000000
-0.000000
0.000000
-0.000000
-0.000000
-0.000000
0.009362
-0.005550
0.006379
-0.001818
0.001384
0.002636
0.001367
-0.000412
-0.000406
-0.000316
-0.000194
0.000036
-0.000005
0.000043
0.000000
0.000000
0.005806
-0.002892
0.002064
-0.000515
0.000218
0.000344
0.000129
-0.000031
-0.000000
-0.000000
-0.000000
0.000000
-0.000000
0.000000
0.000000
0.000000
-0.003851
0.005335
-0.005468
0.000543
-0.000691
-0.000753
-0.000314
0.000072
0.000070
0.000040
0.000000
-0.000000
0.000000
-0.000000
-0.000000
-0.000000
0.000835
-0.000273
0.000159
-0.000099
0.000026
0.000085
0.000033
-0.000009
-0.000004
-0.000005
-0.000000
0.000000
-0.000000
0.000000
0.000000
0.000000
-0.001124
0.000685
-0.000460
0.000293
-0.000095
-0.000328
-0.000179
0.000059
0.000054
0.000045
0.000030
-0.000005
0.000001
-0.000005
-0.000006
-0.000000
-0.018960
0.003949
-0.001494
0.000276
-0.000000
-0.000000
-0.000000
0.000000
0.000000
0.000000
0.000000
-0.000000
0.000000
-0.000000
-0.000000
-0.000000
0.000467
0.000109
-0.000033
-0.000000
-0.000000
-0.000000
0.000000
0.000000
0.000000
0.000000
0.000000
0.000000
0.000000
-0.000000
-0.000000
0.000000
-0.001917
0.001812
-0.001723
0.000440
-0.000308
-0.000578
-0.000255
0.000085
0.000072
0.000056
0.000026
-0.000003
0.000001
-0.000000
-0.000000
-0.000000
-0.014735
0.003241
-0.001557
0.000387
-0.000059
-0.000000
-0.000000
0.000000
0.000000
0.000000
0.000000
-0.000000
0.000000
-0.000000
-0.000000
-0.000000
