-11719984.000000
-13095840.000000
20740424.000000
1949164.000000
3970320.000000
904737.000000
-22107.000000
0.000000
-0.000000
-0.000000
-0.000000
-0.000000
0.000000
0.000000
0.000000
-0.000000
963468.000000
236320.000000
9647400.000000
2802272.000000
5414145.000000
2636423.000000
88943.000000
850564.000000
-881355.000000
-387266.000000
-371392.000000
-360480.000000
224768.000000
95226.000000
35540.000000
-61565.000000
-8922980.000000
-8851688.000000
12368232.000000
999264.000000
1948458.000000
301039.000000
-0.000000
0.000000
-0.000000
-0.000000
-0.000000
-0.000000
0.000000
0.000000
0.000000
-0.000000
-1718223.000000
-1260525.000000
-3115854.000000
-943205.000000
-1498025.000000
-564990.000000
-8160.000000
-143688.000000
104934.000000
45960.000000
27702.000000
0.000000
-0.000000
-0.000000
-0.000000
0.000000
-1990683.000000
-2177474.000000
1821720.000000
22176.000000
401152.000000
61497.000000
-8760.000000
19023.000000
-8149.000000
-6062.000000
-0.000000
-0.000000
0.000000
0.000000
0.000000
-0.000000
-1872148.000000
-3499416.000000
8993040.000000
1262132.000000
3496704.000000
958300.000000
-36160.000000
246865.000000
-205074.000000
-94132.000000
-54274.000000
-0.000000
0.000000
0.000000
0.000000
-0.000000
2138220.000000
53466.000000
578920.000000
29070.000000
0.000000
0.000000
-0.000000
0.000000
-0.000000
-0.000000
-0.000000
-0.000000
0.000000
0.000000
0.000000
-0.000000
-10224000.000000
-8686167.000000
10842462.000000
780969.000000
1159518.000000
0.000000
-0.000000
0.000000
-0.000000
-0.000000
-0.000000
-0.000000
0.000000
0.000000
0.000000
-0.000000
-3718682.000000
-5400252.000000
9207616.000000
924140.000000
3186832.000000
793845.000000
-42322.000000
184624.000000
-188550.000000
-43940.000000
-50134.000000
-0.000000
0.000000
0.000000
0.000000
-0.000000
-1724400.000000
-1476276.000000
-377088.000000
-271593.000000
-272160.000000
-114240.000000
-1792.000000
-17692.000000
12853.000000
0.000000
0.000000
0.000000
-0.000000
-0.000000
-0.000000
0.000000
-6254080.000000
-6451968.000000
9652960.000000
799616.000000
1365936.000000
211107.000000
-0.000000
0.000000
-0.000000
-0.000000
-0.000000
-0.000000
0.000000
0.000000
0.000000
-0.000000
1915194.000000
2472717.000000
-4328580.000000
-349930.000000
-663210.000000
-103436.000000
0.000000
-0.000000
0.000000
0.000000
0.000000
0.000000
-0.000000
-0.000000
-0.000000
0.000000
6082560.000000
9071616.000000
-17153472.000000
-1806336.000000
-5686960.000000
-1498128.000000
76951.000000
-371824.000000
254236.000000
88377.000000
0.000000
0.000000
-0.000000
-0.000000
-0.000000
0.000000
-9318312.000000
-7888724.000000
10348464.000000
771065.000000
696906.000000
0.000000
-0.000000
0.000000
-0.000000
-0.000000
-0.000000
-0.000000
0.000000
0.000000
0.000000
-0.000000
10380248.000000
14036580.000000
-26718606.000000
-2770443.000000
-5717040.000000
-888276.000000
30949.000000
-0.000000
0.000000
0.000000
0.000000
0.000000
-0.000000
-0.000000
-0.000000
0.000000
3094296.000000
1052580.000000
-381942.000000
-6651.000000
-19012.000000
-0.000000
0.000000
-0.000000
0.000000
0.000000
0.000000
0.000000
-0.000000
-0.000000
-0.000000
0.000000
-3388897.000000
-5240611.000000
9558957.000000
1050390.000000
3665648.000000
928846.000000
-64988.000000
292306.000000
-225776.000000
-120438.000000
-45023.000000
-60909.000000
0.000000
0.000000
0.000000
-0.000000
7811440.000000
10920428.000000
-14628762.000000
-453060.000000
-5365008.000000
-988224.000000
192585.000000
-445247.000000
345989.000000
199600.000000
118845.000000
110632.000000
-48560.000000
-0.000000
-0.000000
0.000000
2613007.000000
2018718.000000
-2318232.000000
-167800.000000
-308280.000000
-0.000000
0.000000
-0.000000
0.000000
0.000000
0.000000
0.000000
-0.000000
-0.000000
-0.000000
0.000000
-655025.000000
141933.000000
-2607264.000000
-386352.000000
-713790.000000
-201570.000000
4464.000000
-28494.000000
0.000000
0.000000
0.000000
0.000000
-0.000000
-0.000000
-0.000000
0.000000
-11245910.000000
-17020674.000000
33704316.000000
3589740.000000
10500336.000000
2865940.000000
-128712.000000
576684.000000
-528004.000000
-183221.000000
-0.000000
-0.000000
0.000000
0.000000
0.000000
-0.000000
13326096.000000
10090288.000000
-10526502.000000
-647576.000000
-0.000000
-0.000000
0.000000
-0.000000
0.000000
0.000000
0.000000
0.000000
-0.000000
-0.000000
-0.000000
0.000000
2233730.000000
3370125.000000
-7133760.000000
-794052.000000
-1880197.000000
-474900.000000
16650.000000
-57635.000000
0.000000
0.000000
0.000000
0.000000
-0.000000
-0.000000
-0.000000
0.000000
-6633933.000000
-11531576.000000
28488920.000000
3553440.000000
11986705.000000
3545525.000000
-211456.000000
1169443.000000
-1012557.000000
-509255.000000
-344517.000000
-310776.000000
140006.000000
79942.000000
0.000000
-0.000000
-9677880.000000
-12743080.000000
23295496.000000
2381175.000000
5911300.000000
1346320.000000
-39792.000000
196720.000000
-0.000000
-0.000000
-0.000000
-0.000000
0.000000
0.000000
0.000000
-0.000000
21014848.000000
35618108.000000
-82169600.000000
-9953592.000000
-27601600.000000
-7621920.000000
328657.000000
-1852384.000000
1276124.000000
440790.000000
0.000000
0.000000
-0.000000
-0.000000
-0.000000
0.000000
51792.000000
277472.000000
-1265004.000000
-192840.000000
-414970.000000
-122620.000000
3276.000000
-25905.000000
24088.000000
8127.000000
0.000000
0.000000
-0.000000
-0.000000
-0.000000
0.000000
1182896.000000
1300512.000000
526890.000000
552000.000000
498784.000000
384134.000000
46494.000000
94248.000000
-110020.000000
-39865.000000
-34192.000000
-32949.000000
21068.000000
5839.000000
3285.000000
-0.000000
9871080.000000
8636949.000000
-10577216.000000
-575136.000000
-0.000000
-0.000000
0.000000
-0.000000
0.000000
0.000000
0.000000
0.000000
-0.000000
-0.000000
-0.000000
0.000000
6847841.000000
5424716.000000
-6125508.000000
-222530.000000
-0.000000
-0.000000
0.000000
-0.000000
0.000000
0.000000
0.000000
0.000000
-0.000000
-0.000000
-0.000000
0.000000
4940032.000000
7346880.000000
-12270720.000000
-826560.000000
-4854196.000000
-1136096.000000
151368.000000
-452736.000000
339479.000000
181930.000000
115455.000000
106100.000000
-47061.000000
-26994.000000
-0.000000
0.000000
6393595.000000
4384113.000000
-5437344.000000
-309657.000000
-465552.000000
-0.000000
0.000000
-0.000000
0.000000
0.000000
0.000000
0.000000
-0.000000
-0.000000
-0.000000
0.000000
