-188
-376
-564
-752
-940
-1128
-1316
-1504
-1692
-1880
-2068
-2256
-2444
-2632
-2820
-3008
-81
-162
-243
-324
-405
-486
-567
-648
-729
-810
-891
-972
-1053
-1134
-1215
-1296
-220
-440
-660
-880
-1100
-1320
-1540
-1760
-1980
-2200
-2420
-2640
-2860
-3080
-3300
-3520
-124
-248
-372
-496
-620
-744
-868
-992
-1116
-1240
-1364
-1488
-1612
-1736
-1860
-1984
-145
-290
-435
-580
-725
-870
-1015
-1160
-1305
-1450
-1595
-1740
-1885
-2030
-2175
-2320
-122
-244
-366
-488
-610
-732
-854
-976
-1098
-1220
-1342
-1464
-1586
-1708
-1830
-1952
-331
-662
-993
-1324
-1655
-1986
-2317
-2648
-2979
-3310
-3641
-3972
-4303
-4634
-4965
-5296
-282
-564
-846
-1128
-1410
-1692
-1974
-2256
-2538
-2820
-3102
-3384
-3666
-3948
-4230
-4512
-128
-256
-384
-512
-640
-768
-896
-1024
-1152
-1280
-1408
-1536
-1664
-1792
-1920
-2048
-147
-294
-441
-588
-735
-882
-1029
-1176
-1323
-1470
-1617
-1764
-1911
-2058
-2205
-2352
-220
-440
-660
-880
-1100
-1320
-1540
-1760
-1980
-2200
-2420
-2640
-2860
-3080
-3300
-3520
-226
-452
-678
-904
-1130
-1356
-1582
-1808
-2034
-2260
-2486
-2712
-2938
-3164
-3390
-3616
-130
-260
-390
-520
-650
-780
-910
-1040
-1170
-1300
-1430
-1560
-1690
-1820
-1950
-2080
-243
-486
-729
-972
-1215
-1458
-1701
-1944
-2187
-2430
-2673
-2916
-3159
-3402
-3645
-3888
-196
-392
-588
-784
-980
-1176
-1372
-1568
-1764
-1960
-2156
-2352
-2548
-2744
-2940
-3136
-268
-536
-804
-1072
-1340
-1608
-1876
-2144
-2412
-2680
-2948
-3216
-3484
-3752
-4020
-4288
-116
-232
-348
-464
-580
-696
-812
-928
-1044
-1160
-1276
-1392
-1508
-1624
-1740
-1856
-104
-208
-312
-416
-520
-624
-728
-832
-936
-1040
-1144
-1248
-1352
-1456
-1560
-1664
-245
-490
-735
-980
-1225
-1470
-1715
-1960
-2205
-2450
-2695
-2940
-3185
-3430
-3675
-3920
-171
-342
-513
-684
-855
-1026
-1197
-1368
-1539
-1710
-1881
-2052
-2223
-2394
-2565
-2736
-132
-264
-396
-528
-660
-792
-924
-1056
-1188
-1320
-1452
-1584
-1716
-1848
-1980
-2112
-298
-596
-894
-1192
-1490
-1788
-2086
-2384
-2682
-2980
-3278
-3576
-3874
-4172
-4470
-4768
-162
-324
-486
-648
-810
-972
-1134
-1296
-1458
-1620
-1782
-1944
-2106
-2268
-2430
-2592
-102
-204
-306
-408
-510
-612
-714
-816
-918
-1020
-1122
-1224
-1326
-1428
-1530
-1632
-164
-328
-492
-656
-820
-984
-1148
-1312
-1476
-1640
-1804
-1968
-2132
-2296
-2460
-2624
-129
-258
-387
-516
-645
-774
-903
-1032
-1161
-1290
-1419
-1548
-1677
-1806
-1935
-2064
-138
-276
-414
-552
-690
-828
-966
-1104
-1242
-1380
-1518
-1656
-1794
-1932
-2070
-2208
-93
-186
-279
-372
-465
-558
-651
-744
-837
-930
-1023
-1116
-1209
-1302
-1395
-1488
-296
-592
-888
-1184
-1480
-1776
-2072
-2368
-2664
-2960
-3256
-3552
-3848
-4144
-4440
-4736
-316
-632
-948
-1264
-1580
-1896
-2212
-2528
-2844
-3160
-3476
-3792
-4108
-4424
-4740
-5056
-96
-192
-288
-384
-480
-576
-672
-768
-864
-960
-1056
-1152
-1248
-1344
-1440
-1536
-268
-536
-804
-1072
-1340
-1608
-1876
-2144
-2412
-2680
-2948
-3216
-3484
-3752
-4020
-4288
-187
-374
-561
-748
-935
-1122
-1309
-1496
-1683
-1870
-2057
-2244
-2431
-2618
-2805
-2992
-80
-160
-240
-320
-400
-480
-560
-640
-720
-800
-880
-960
-1040
-1120
-1200
-1280
-226
-452
-678
-904
-1130
-1356
-1582
-1808
-2034
-2260
-2486
-2712
-2938
-3164
-3390
-3616
-120
-240
-360
-480
-600
-720
-840
-960
-1080
-1200
-1320
-1440
-1560
-1680
-1800
-1920
-142
-284
-426
-568
-710
-852
-994
-1136
-1278
-1420
-1562
-1704
-1846
-1988
-2130
-2272
-124
-248
-372
-496
-620
-744
-868
-992
-1116
-1240
-1364
-1488
-1612
-1736
-1860
-1984
-336
-672
-1008
-1344
-1680
-2016
-2352
-2688
-3024
-3360
-3696
-4032
-4368
-4704
-5040
-5376
-283
-566
-849
-1132
-1415
-1698
-1981
-2264
-2547
-2830
-3113
-3396
-3679
-3962
-4245
-4528
-128
-256
-384
-512
-640
-768
-896
-1024
-1152
-1280
-1408
-1536
-1664
-1792
-1920
-2048
-147
-294
-441
-588
-735
-882
-1029
-1176
-1323
-1470
-1617
-1764
-1911
-2058
-2205
-2352
-221
-442
-663
-884
-1105
-1326
-1547
-1768
-1989
-2210
-2431
-2652
-2873
-3094
-3315
-3536
-223
-446
-669
-892
-1115
-1338
-1561
-1784
-2007
-2230
-2453
-2676
-2899
-3122
-3345
-3568
-133
-266
-399
-532
-665
-798
-931
-1064
-1197
-1330
-1463
-1596
-1729
-1862
-1995
-2128
-249
-498
-747
-996
-1245
-1494
-1743
-1992
-2241
-2490
-2739
-2988
-3237
-3486
-3735
-3984
-194
-388
-582
-776
-970
-1164
-1358
-1552
-1746
-1940
-2134
-2328
-2522
-2716
-2910
-3104
-272
-544
-816
-1088
-1360
-1632
-1904
-2176
-2448
-2720
-2992
-3264
-3536
-3808
-4080
-4352
-115
-230
-345
-460
-575
-690
-805
-920
-1035
-1150
-1265
-1380
-1495
-1610
-1725
-1840
-102
-204
-306
-408
-510
-612
-714
-816
-918
-1020
-1122
-1224
-1326
-1428
-1530
-1632
-246
-492
-738
-984
-1230
-1476
-1722
-1968
-2214
-2460
-2706
-2952
-3198
-3444
-3690
-3936
-170
-340
-510
-680
-850
-1020
-1190
-1360
-1530
-1700
-1870
-2040
-2210
-2380
-2550
-2720
-136
-272
-408
-544
-680
-816
-952
-1088
-1224
-1360
-1496
-1632
-1768
-1904
-2040
-2176
-298
-596
-894
-1192
-1490
-1788
-2086
-2384
-2682
-2980
-3278
-3576
-3874
-4172
-4470
-4768
-161
-322
-483
-644
-805
-966
-1127
-1288
-1449
-1610
-1771
-1932
-2093
-2254
-2415
-2576
-100
-200
-300
-400
-500
-600
-700
-800
-900
-1000
-1100
-1200
-1300
-1400
-1500
-1600
-167
-334
-501
-668
-835
-1002
-1169
-1336
-1503
-1670
-1837
-2004
-2171
-2338
-2505
-2672
-131
-262
-393
-524
-655
-786
-917
-1048
-1179
-1310
-1441
-1572
-1703
-1834
-1965
-2096
-138
-276
-414
-552
-690
-828
-966
-1104
-1242
-1380
-1518
-1656
-1794
-1932
-2070
-2208
-93
-186
-279
-372
-465
-558
-651
-744
-837
-930
-1023
-1116
-1209
-1302
-1395
-1488
-294
-588
-882
-1176
-1470
-1764
-2058
-2352
-2646
-2940
-3234
-3528
-3822
-4116
-4410
-4704
-318
-636
-954
-1272
-1590
-1908
-2226
-2544
-2862
-3180
-3498
-3816
-4134
-4452
-4770
-5088
-99
-198
-297
-396
-495
-594
-693
-792
-891
-990
-1089
-1188
-1287
-1386
-1485
-1584
-267
-534
-801
-1068
-1335
-1602
-1869
-2136
-2403
-2670
-2937
-3204
-3471
-3738
-4005
-4272
-185
-370
-555
-740
-925
-1110
-1295
-1480
-1665
-1850
-2035
-2220
-2405
-2590
-2775
-2960
-77
-154
-231
-308
-385
-462
-539
-616
-693
-770
-847
-924
-1001
-1078
-1155
-1232
-238
-476
-714
-952
-1190
-1428
-1666
-1904
-2142
-2380
-2618
-2856
-3094
-3332
-3570
-3808
-114
-228
-342
-456
-570
-684
-798
-912
-1026
-1140
-1254
-1368
-1482
-1596
-1710
-1824
-136
-272
-408
-544
-680
-816
-952
-1088
-1224
-1360
-1496
-1632
-1768
-1904
-2040
-2176
-128
-256
-384
-512
-640
-768
-896
-1024
-1152
-1280
-1408
-1536
-1664
-1792
-1920
-2048
-347
-694
-1041
-1388
-1735
-2082
-2429
-2776
-3123
-3470
-3817
-4164
-4511
-4858
-5205
-5552
-287
-574
-861
-1148
-1435
-1722
-2009
-2296
-2583
-2870
-3157
-3444
-3731
-4018
-4305
-4592
-128
-256
-384
-512
-640
-768
-896
-1024
-1152
-1280
-1408
-1536
-1664
-1792
-1920
-2048
-146
-292
-438
-584
-730
-876
-1022
-1168
-1314
-1460
-1606
-1752
-1898
-2044
-2190
-2336
-223
-446
-669
-892
-1115
-1338
-1561
-1784
-2007
-2230
-2453
-2676
-2899
-3122
-3345
-3568
-217
-434
-651
-868
-1085
-1302
-1519
-1736
-1953
-2170
-2387
-2604
-2821
-3038
-3255
-3472
-142
-284
-426
-568
-710
-852
-994
-1136
-1278
-1420
-1562
-1704
-1846
-1988
-2130
-2272
-262
-524
-786
-1048
-1310
-1572
-1834
-2096
-2358
-2620
-2882
-3144
-3406
-3668
-3930
-4192
-190
-380
-570
-760
-950
-1140
-1330
-1520
-1710
-1900
-2090
-2280
-2470
-2660
-2850
-3040
-281
-562
-843
-1124
-1405
-1686
-1967
-2248
-2529
-2810
-3091
-3372
-3653
-3934
-4215
-4496
-114
-228
-342
-456
-570
-684
-798
-912
-1026
-1140
-1254
-1368
-1482
-1596
-1710
-1824
-97
-194
-291
-388
-485
-582
-679
-776
-873
-970
-1067
-1164
-1261
-1358
-1455
-1552
-248
-496
-744
-992
-1240
-1488
-1736
-1984
-2232
-2480
-2728
-2976
-3224
-3472
-3720
-3968
-168
-336
-504
-672
-840
-1008
-1176
-1344
-1512
-1680
-1848
-2016
-2184
-2352
-2520
-2688
-143
-286
-429
-572
-715
-858
-1001
-1144
-1287
-1430
-1573
-1716
-1859
-2002
-2145
-2288
-299
-598
-897
-1196
-1495
-1794
-2093
-2392
-2691
-2990
-3289
-3588
-3887
-4186
-4485
-4784
-159
-318
-477
-636
-795
-954
-1113
-1272
-1431
-1590
-1749
-1908
-2067
-2226
-2385
-2544
-95
-190
-285
-380
-475
-570
-665
-760
-855
-950
-1045
-1140
-1235
-1330
-1425
-1520
-173
-346
-519
-692
-865
-1038
-1211
-1384
-1557
-1730
-1903
-2076
-2249
-2422
-2595
-2768
-137
-274
-411
-548
-685
-822
-959
-1096
-1233
-1370
-1507
-1644
-1781
-1918
-2055
-2192
-140
-280
-420
-560
-700
-840
-980
-1120
-1260
-1400
-1540
-1680
-1820
-1960
-2100
-2240
-92
-184
-276
-368
-460
-552
-644
-736
-828
-920
-1012
-1104
-1196
-1288
-1380
-1472
-290
-580
-870
-1160
-1450
-1740
-2030
-2320
-2610
-2900
-3190
-3480
-3770
-4060
-4350
-4640
-321
-642
-963
-1284
-1605
-1926
-2247
-2568
-2889
-3210
-3531
-3852
-4173
-4494
-4815
-5136
-105
-210
-315
-420
-525
-630
-735
-840
-945
-1050
-1155
-1260
-1365
-1470
-1575
-1680
-265
-530
-795
-1060
-1325
-1590
-1855
-2120
-2385
-2650
-2915
-3180
-3445
-3710
-3975
-4240
-191
-382
-573
-764
-955
-1146
-1337
-1528
-1719
-1910
-2101
-2292
-2483
-2674
-2865
-3056
-86
-172
-258
-344
-430
-516
-602
-688
-774
-860
-946
-1032
-1118
-1204
-1290
-1376
-203
-406
-609
-812
-1015
-1218
-1421
-1624
-1827
-2030
-2233
-2436
-2639
-2842
-3045
-3248
-134
-268
-402
-536
-670
-804
-938
-1072
-1206
-1340
-1474
-1608
-1742
-1876
-2010
-2144
-154
-308
-462
-616
-770
-924
-1078
-1232
-1386
-1540
-1694
-1848
-2002
-2156
-2310
-2464
-115
-230
-345
-460
-575
-690
-805
-920
-1035
-1150
-1265
-1380
-1495
-1610
-1725
-1840
-313
-626
-939
-1252
-1565
-1878
-2191
-2504
-2817
-3130
-3443
-3756
-4069
-4382
-4695
-5008
-276
-552
-828
-1104
-1380
-1656
-1932
-2208
-2484
-2760
-3036
-3312
-3588
-3864
-4140
-4416
-128
-256
-384
-512
-640
-768
-896
-1024
-1152
-1280
-1408
-1536
-1664
-1792
-1920
-2048
-149
-298
-447
-596
-745
-894
-1043
-1192
-1341
-1490
-1639
-1788
-1937
-2086
-2235
-2384
-218
-436
-654
-872
-1090
-1308
-1526
-1744
-1962
-2180
-2398
-2616
-2834
-3052
-3270
-3488
-235
-470
-705
-940
-1175
-1410
-1645
-1880
-2115
-2350
-2585
-2820
-3055
-3290
-3525
-3760
-118
-236
-354
-472
-590
-708
-826
-944
-1062
-1180
-1298
-1416
-1534
-1652
-1770
-1888
-225
-450
-675
-900
-1125
-1350
-1575
-1800
-2025
-2250
-2475
-2700
-2925
-3150
-3375
-3600
-202
-404
-606
-808
-1010
-1212
-1414
-1616
-1818
-2020
-2222
-2424
-2626
-2828
-3030
-3232
-254
-508
-762
-1016
-1270
-1524
-1778
-2032
-2286
-2540
-2794
-3048
-3302
-3556
-3810
-4064
-119
-238
-357
-476
-595
-714
-833
-952
-1071
-1190
-1309
-1428
-1547
-1666
-1785
-1904
-112
-224
-336
-448
-560
-672
-784
-896
-1008
-1120
-1232
-1344
-1456
-1568
-1680
-1792
-242
-484
-726
-968
-1210
-1452
-1694
-1936
-2178
-2420
-2662
-2904
-3146
-3388
-3630
-3872
-174
-348
-522
-696
-870
-1044
-1218
-1392
-1566
-1740
-1914
-2088
-2262
-2436
-2610
-2784
-122
-244
-366
-488
-610
-732
-854
-976
-1098
-1220
-1342
-1464
-1586
-1708
-1830
-1952
-296
-592
-888
-1184
-1480
-1776
-2072
-2368
-2664
-2960
-3256
-3552
-3848
-4144
-4440
-4736
-165
-330
-495
-660
-825
-990
-1155
-1320
-1485
-1650
-1815
-1980
-2145
-2310
-2475
-2640
-111
-222
-333
-444
-555
-666
-777
-888
-999
-1110
-1221
-1332
-1443
-1554
-1665
-1776
-155
-310
-465
-620
-775
-930
-1085
-1240
-1395
-1550
-1705
-1860
-2015
-2170
-2325
-2480
-121
-242
-363
-484
-605
-726
-847
-968
-1089
-1210
-1331
-1452
-1573
-1694
-1815
-1936
-136
-272
-408
-544
-680
-816
-952
-1088
-1224
-1360
-1496
-1632
-1768
-1904
-2040
-2176
-94
-188
-282
-376
-470
-564
-658
-752
-846
-940
-1034
-1128
-1222
-1316
-1410
-1504
-303
-606
-909
-1212
-1515
-1818
-2121
-2424
-2727
-3030
-3333
-3636
-3939
-4242
-4545
-4848
-311
-622
-933
-1244
-1555
-1866
-2177
-2488
-2799
-3110
-3421
-3732
-4043
-4354
-4665
-4976
-87
-174
-261
-348
-435
-522
-609
-696
-783
-870
-957
-1044
-1131
-1218
-1305
-1392
-272
-544
-816
-1088
-1360
-1632
-1904
-2176
-2448
-2720
-2992
-3264
-3536
-3808
-4080
-4352
