-0.257778
0.131691
-0.171539
-0.110087
-0.074898
0.004607
0.248908
-0.112918
-0.080954
-0.090175
-0.114231
-0.003508
0.109987
-0.203629
0.050258
0.181880
-0.068893
0.256961
0.073634
-0.073563
-0.180669
0.240701
0.015526
-0.086363
-0.160188
0.139597
-0.013159
0.066818
0.064638
0.053269
0.146701
0.166586
-0.219475
-0.098016
-0.178182
0.038749
-0.008272
-0.074616
-0.023552
-0.257570
-0.064456
0.012194
-0.127224
0.061952
0.129814
-0.176262
0.309638
0.004713
-0.066632
0.066264
0.040151
0.033095
-0.262997
0.305377
0.068131
-0.195222
-0.218232
0.654916
0.011571
-0.016675
0.272837
0.195786
0.066847
0.108241
0.031293
0.062602
-0.146309
-0.082143
0.009057
-0.211999
0.188854
-0.257913
0.036120
0.027900
-0.135811
0.138301
0.198470
-0.106549
0.405880
-0.026090
-0.145789
0.307117
0.089420
0.033485
-0.271766
0.453550
0.008300
-0.234373
-0.131851
0.474946
-0.046570
0.064016
0.387729
0.091122
-0.052162
0.057322
-0.203131
0.014205
-0.212498
0.160959
0.139643
-0.229512
-0.131473
-0.049343
-0.016859
-0.093284
-0.184200
0.122709
0.115086
-0.006744
0.757590
0.077413
-0.068054
0.504118
0.143043
0.120826
-0.277667
0.635021
0.235528
-0.214490
-0.226375
-0.152603
-0.123314
0.023130
0.108384
-0.151847
0.416014
0.100347
