2046.342041
-1268.753052
1541.958008
-1220.598999
414.656555
1916.482056
-422.388031
38.000000
307.000000
-2611.000000
230.000000
921.000000
-2035.000000
1228.000000
537.000000
38.000000
-138.484314
54.568031
-81.241478
82.186272
-64.077682
-98.515732
5.288699
-3.377460
-2.641710
90.834122
-6.131519
-29.369150
67.997223
-42.566772
-18.673662
-0.230232
2822.940186
-1502.405029
1951.832153
-1473.948364
525.060425
2275.060791
-499.000000
45.000000
363.000000
-3084.000000
272.000000
1088.000000
-2404.000000
1451.000000
635.000000
45.000000
-1051.614014
628.180786
-724.646973
621.645508
-171.128876
-990.908386
228.508316
-18.343603
-166.373413
1382.397217
-122.564758
-488.000000
1078.000000
-651.000000
-285.000000
-20.000000
-1208.921387
651.931213
-830.873291
664.357300
-230.581833
-1035.811157
226.716248
-21.075857
-164.871582
1406.000000
-124.000000
-496.000000
1096.000000
-662.000000
-289.000000
-21.000000
1908.458252
-950.162903
1433.534912
-967.199890
480.282471
1467.877563
-286.365295
33.689850
211.623489
-1884.325928
164.438171
664.000000
-1466.000000
885.000000
387.000000
28.000000
2099.585449
-1359.936646
1659.735962
-1376.002197
475.000000
2158.000000
-475.000000
43.000000
345.000000
-2935.000000
259.000000
1036.000000
-2288.000000
1381.000000
604.000000
43.000000
1277.699951
-502.801300
704.603271
-472.086914
174.941406
711.000000
-156.000000
14.000000
114.000000
-967.000000
85.000000
341.000000
-754.000000
455.000000
199.000000
14.000000
20.566246
-88.905197
66.065742
-49.767406
0.655462
88.275276
-24.095783
1.419018
17.548315
-135.721375
12.262637
48.000000
-106.000000
64.000000
28.000000
2.000000
729.122925
-446.166901
520.148682
-436.295898
138.373856
687.195557
-154.062927
13.716640
111.469513
-944.000000
83.000000
333.000000
-735.000000
444.000000
194.000000
14.000000
2525.812012
-1333.146729
1734.225952
-1310.587402
467.716919
2026.414917
-444.000000
40.000000
323.000000
-2747.000000
242.000000
969.000000
-2141.000000
1292.000000
565.000000
40.000000
-1825.616943
915.042969
-1209.513428
903.348755
-328.485779
-1393.381226
305.000000
-28.000000
-222.000000
1886.000000
-166.000000
-666.000000
1470.000000
-887.000000
-388.000000
-28.000000
-1107.215088
552.909058
-911.107178
532.179382
-325.825256
-789.818909
142.531448
-18.887796
-104.356880
972.712280
-84.402344
-343.000000
756.000000
-457.000000
-200.000000
-14.000000
270.217957
-96.263885
153.255432
-72.286743
33.895576
93.000000
-20.000000
2.000000
15.000000
-126.000000
11.000000
45.000000
-99.000000
60.000000
26.000000
2.000000
-9210.004883
4917.102051
-6401.424316
4873.143555
-1753.250732
-7535.064941
1645.822144
-150.000000
-1200.000000
10203.000000
-900.000000
-3601.000000
7952.000000
-4802.000000
-2101.000000
-150.000000
-1101.859619
658.257629
-809.310852
657.639038
-225.055817
-1031.000000
227.000000
-21.000000
-165.000000
1402.000000
-124.000000
-495.000000
1093.000000
-660.000000
-289.000000
-21.000000
630.224670
-310.008972
537.956177
-302.073486
206.598450
445.010803
-72.882454
11.620162
54.149296
-530.092468
46.024662
184.828400
-412.000000
249.000000
109.000000
8.000000
-3418.676025
1854.605835
-2637.263184
1844.132568
-849.856445
-2840.521729
564.460510
-64.012283
-409.173126
3671.824707
-320.368652
-1291.825439
2855.829102
-1725.000000
-755.000000
-54.000000
-2174.334473
1146.595825
-1471.607788
1138.346191
-399.482056
-1763.000000
388.000000
-35.000000
-282.000000
2398.000000
-212.000000
-846.000000
1869.000000
-1128.000000
-494.000000
-35.000000
-1254.028564
672.950256
-875.216553
674.023010
-243.234467
-1046.094971
228.203659
-21.212635
-167.000000
1416.000000
-125.000000
-500.000000
1104.000000
-666.000000
-292.000000
-21.000000
2411.158203
-1302.751221
1930.063477
-1240.733887
610.670898
1894.510986
-376.526367
41.449993
277.093323
-2435.370361
212.789062
859.000000
-1896.000000
1145.000000
501.000000
36.000000
-11601.498047
6121.684082
-7735.106934
6072.094727
-2080.000000
-9455.000000
2080.000000
-189.000000
-1513.000000
12859.000000
-1135.000000
-4539.000000
10023.000000
-6051.000000
-2647.000000
-189.000000
-2172.970947
1238.508301
-1553.528809
1223.009521
-424.756195
-1911.469604
419.756897
-38.046406
-306.000000
2598.000000
-229.000000
-917.000000
2025.000000
-1222.000000
-535.000000
-38.000000
1536.782104
-844.758423
1354.283813
-803.820190
468.273621
1244.655640
-226.870392
31.846348
163.437714
-1539.871460
132.263611
539.368225
-1194.378418
722.000000
316.000000
23.000000
2245.427979
-1248.728516
1671.789673
-1201.254517
468.511597
1853.051758
-396.507111
36.804695
292.000000
-2480.000000
219.000000
875.000000
-1933.000000
1167.000000
511.000000
36.000000
482.126770
-301.576141
-173.191040
-452.020569
-202.655640
780.269836
-244.530792
7.315134
176.505539
-1301.012817
118.714844
461.000000
-1017.000000
614.000000
269.000000
19.000000
1056.208130
-555.923950
741.739380
-563.567688
217.789154
869.676941
-185.397263
17.686773
135.477997
-1164.405762
103.000000
411.000000
-908.000000
548.000000
240.000000
17.000000
-195.127472
90.830193
-176.177139
98.960129
-87.974655
-143.430298
16.019135
-4.765103
-10.346827
150.498993
-11.666440
-50.787140
115.190010
-70.335587
-31.784960
-2.000000
-2549.483887
1102.291138
-1447.346802
1060.572021
-359.000000
-1630.000000
359.000000
-33.000000
-261.000000
2216.000000
-196.000000
-782.000000
1727.000000
-1043.000000
-456.000000
-33.000000
2592.250732
-1518.231201
1887.574951
-1533.775024
528.000000
2399.000000
-528.000000
48.000000
384.000000
-3263.000000
288.000000
1152.000000
-2543.000000
1536.000000
672.000000
48.000000
-2064.303711
1275.676270
-1522.858643
1204.956177
-378.130005
-1895.509399
431.315033
-36.830685
-313.813293
2616.833740
-232.175598
-925.059143
2041.713135
-1231.700806
-538.296875
-39.000000
-1636.196777
889.869873
-1127.010132
877.582397
-305.047272
-1366.000000
301.000000
-27.000000
-219.000000
1858.000000
-164.000000
-656.000000
1448.000000
-874.000000
-382.000000
-27.000000
