-304.651672
-172.858688
53.105591
143.545181
-316.425415
-302.184631
-97.057991
-52.692284
174.107025
94.357635
84.838150
104.295013
-106.828331
-87.734329
-204.604736
234.890060
-89.039246
22.925465
-75.263260
137.653641
-240.547058
-227.678238
-79.696373
-33.603558
133.908905
73.487961
65.546646
82.203423
-86.157875
-72.322922
-171.812317
196.308273
537.999390
-261.487183
1699.816650
-642.864441
2251.267578
1839.765259
558.445679
319.969452
-1016.842712
-549.089172
-492.470306
-604.311401
618.271179
507.484192
1183.207886
-1358.363403
171.198471
-57.153145
387.385529
-202.525360
614.083374
516.655884
159.995255
89.216141
-289.305328
-156.493439
-140.496643
-172.685410
176.941162
145.385834
339.202667
-389.374542
-54.361626
-25.914148
-29.387466
25.060711
-76.535835
-67.558403
-21.063711
-11.614917
37.793781
20.434601
18.360661
22.561605
-23.110830
-18.983049
-44.277657
50.829830
501.226898
-160.522812
1335.310547
-500.887604
1803.686890
1461.929688
440.319458
255.815201
-805.380676
-434.639832
-389.575714
-477.675659
488.343323
400.640045
933.801392
-1072.084717
-1252.437988
268.395630
-2891.400635
1254.885010
-4238.595215
-3497.505371
-1064.950806
-608.848389
1938.002808
1046.676025
938.832947
1152.104614
-1178.750488
-967.542358
-2255.849609
2589.792969
1308.045898
-430.769470
3478.900635
-1420.336304
4857.904785
3996.385010
1215.956055
695.422546
-2212.993896
-1195.164062
-1072.010010
-1315.528442
1345.951416
1104.783569
2575.830322
-2957.141846
-146.554886
-55.334877
-73.690125
103.791328
-259.754425
-239.756912
-77.182327
-40.559700
136.668823
74.071098
66.694229
82.169563
-84.378914
-69.420876
-162.093170
186.051392
-105.631149
-2.836372
-191.006393
75.600731
-273.533691
-223.847839
-67.631584
-39.005436
123.290703
66.539314
59.657829
73.172844
-74.835251
-61.411797
-143.164124
164.359634
504.038452
-215.886536
1496.707764
-575.324951
2008.276123
1642.415771
498.594635
285.694519
-907.884033
-490.250275
-439.696045
-539.548706
552.010132
453.095337
1056.398315
-1212.781738
-577.428223
163.151871
-1442.753418
589.057495
-2023.167114
-1662.032593
-505.306641
-289.216766
919.831604
496.741913
445.539276
546.734741
-559.370728
-459.139862
-1070.493652
1228.963501
-450.579529
237.695587
-1467.180908
503.137238
-1866.885498
-1496.681641
-448.694519
-262.104279
822.210754
443.585236
397.474548
487.268555
-498.094818
-408.625061
-952.411621
1093.444092
401.941040
-222.603119
1368.991455
-516.994873
1804.768921
1476.614746
448.525970
256.796051
-816.526917
-440.944092
-395.491028
-485.320007
496.538208
407.566864
950.251099
-1090.920898
-1382.615356
533.252502
-3922.494141
1478.076904
-5223.608887
-4256.941895
-1289.713379
-740.761108
2350.018311
1268.789307
1137.815796
1396.072510
-1428.222534
-1172.261230
-2733.103027
3137.698975
186.284515
-13.573662
318.657410
-140.479752
473.888397
391.265137
119.151649
68.115601
-216.828201
-117.105141
-105.039604
-128.901276
131.882568
108.251900
252.392105
-289.754791
283.500427
-144.132660
900.092834
-310.579193
1156.915894
924.310059
276.041168
162.866623
-507.887238
-274.017548
-245.440857
-300.719940
307.168854
251.848099
586.739136
-673.681091
-502.360535
290.169922
-1601.429077
592.197693
-2108.866699
-1688.475830
-506.140045
-298.038910
932.578491
503.780579
451.143616
553.019897
-564.938477
-463.221893
-1079.137573
1239.084839
-401.445038
121.356461
-1033.342773
428.220184
-1461.757812
-1202.821533
-365.950165
-209.323288
666.043030
359.703461
322.635681
395.923798
-405.078766
-332.496277
-775.223145
889.982666
-120.747467
27.255539
-298.018036
104.443031
-386.135498
-311.816467
-93.917389
-54.315319
171.446793
92.522354
82.942360
101.735619
-104.053703
-85.394547
-199.082474
228.554962
578.287170
-395.258179
2179.066162
-679.875610
2632.575928
2086.119629
621.341980
366.072571
-1141.617554
-615.613892
-551.393066
-675.682190
690.459473
566.322205
1319.814209
-1515.270752
-2495.450928
709.309570
-6285.302734
2629.488525
-8943.761719
-7367.856934
-2242.594971
-1282.327881
4081.244385
2204.173584
1977.060181
2426.177734
-2482.288818
-2037.512573
-4750.512207
5453.750977
10.764301
56.409470
-169.531952
13.550426
-117.578087
-79.807594
-21.790026
-14.123916
41.211723
22.080582
19.680834
24.018160
-24.472019
-20.041967
-46.673500
53.588181
354.436127
-269.784454
1457.810303
-391.221741
1695.380737
1300.859497
375.713379
236.092590
-707.540710
-381.362244
-340.848297
-416.159790
423.175751
345.744690
803.242310
-922.819214
293.218170
-276.712341
1345.484619
-401.861694
1558.621460
1236.768799
369.901367
215.641571
-677.013184
-365.183411
-327.247864
-401.277252
410.334198
336.715668
784.951904
-901.160889
-937.863403
761.212402
-4036.908691
1088.795410
-4572.769531
-3554.466064
-1044.897461
-627.489258
1931.523682
1040.584595
931.208374
1139.941650
-1163.766724
-953.950012
-2222.320801
2551.568115
129.740601
-23.278872
273.705505
-128.964386
420.111084
349.917389
107.142021
60.802288
-194.559570
-105.122650
-94.324341
-115.794815
118.510170
97.294060
226.869034
-260.450012
-102.487267
44.249771
-255.603607
124.036446
-380.933685
-315.059692
-97.132896
-54.409081
176.309479
95.493591
85.574608
105.257431
-107.913467
-88.744476
-207.208923
237.808609
-2103.792969
597.269165
-5275.283203
2197.265137
-7482.107422
-6161.990234
-1875.409302
-1072.415283
3413.048828
1843.292969
1653.361328
2028.944580
-2075.868164
-1703.914062
-3972.718750
4560.817383
-472.042480
199.825134
-1406.861328
561.511719
-1925.325195
-1583.296387
-481.757019
-275.499664
876.760132
473.512207
424.721588
521.202820
-533.256775
-437.707855
-1020.526917
1171.599976
175.043823
84.470955
65.506531
-115.360970
279.266846
270.941620
89.495285
43.780777
-153.728912
-83.088692
-75.086182
-92.745277
95.682121
78.994942
184.983704
-212.188034
-209.142029
131.688156
-773.070251
291.608368
-1016.399719
-832.049805
-252.811783
-144.702942
460.201630
248.525070
222.909653
273.541870
-279.865967
-229.719009
-535.595276
614.881714
