-341.897552
-1019.946350
1551.235840
-516.212708
2072.853271
-676.162659
-1133.956909
665.495911
191.336792
-1928.854614
194.617004
-1405.282104
-121.806953
388.128082
360.796326
-1763.834839
75.469162
225.139053
-342.413879
113.946815
-457.553650
149.253555
250.305313
-146.899002
-42.234951
425.767975
-42.959007
310.196564
26.887197
-85.673904
-79.640800
389.342133
-266.611237
-795.352722
1209.651489
-402.541901
1616.408081
-527.270691
-884.257996
518.952698
149.204147
-1504.118042
151.762054
-1095.836914
-94.984886
302.661713
281.348450
-1375.435791
-95.914772
-286.132263
435.178406
-144.816544
581.511108
-189.688354
-318.116425
186.695938
53.676968
-541.114258
54.597183
-394.233032
-34.171303
108.884109
101.216560
-494.820160
-76.361221
-227.800247
346.461273
-115.293686
462.962036
-151.017761
-253.263962
148.635376
42.734173
-430.800629
43.466793
-313.863190
-27.205011
86.686584
80.582169
-393.944214
3.951775
11.788906
-17.929743
5.966572
-23.958784
7.815331
13.106683
-7.692040
-2.211539
22.294394
-2.249453
16.242756
1.407889
-4.486124
-4.170214
20.387037
580.355896
1731.313599
-2633.153809
876.248108
-3518.576172
1147.756104
1924.841675
-1129.649658
-324.785675
3274.144775
-330.353699
2385.403809
206.761871
-658.830078
-612.435730
2994.031006
-224.331543
-669.224243
1017.822754
-338.706085
1360.075073
-443.655151
-744.030823
436.656281
125.543083
-1265.592285
127.695358
-922.057190
-79.922012
254.665070
236.731705
-1157.316772
-73.145988
-218.208603
331.873352
-110.439194
443.468811
-144.659088
-242.600189
142.377029
40.934834
-412.661560
41.636604
-300.647827
-26.059532
83.036606
77.189217
-377.357025
-93.631104
-279.319611
424.817017
-141.368546
567.665710
-185.171997
-310.542236
182.250809
52.398949
-528.230652
53.297256
-384.846558
-33.357704
106.291649
98.806656
-483.038788
-177.621643
-529.879578
805.893555
-268.181335
1076.882690
-351.278076
-589.110046
345.736481
99.402733
-1002.072876
101.106857
-730.068115
-63.280792
201.639160
187.439850
-916.342346
-5.587413
-16.668331
25.350855
-8.436133
33.875313
-11.050094
-18.531532
10.875773
3.126894
-31.522034
3.180501
-22.965626
-1.990613
6.342928
5.896264
-28.825220
100.671974
300.323914
-456.762482
151.999191
-610.353027
199.096558
333.894409
-195.955719
-56.339245
567.952576
-57.305107
413.786285
35.866138
-114.284576
-106.236732
519.362305
-349.557495
-1042.797363
1585.989990
-527.778015
2119.293701
-691.311523
-1159.362305
680.405701
195.623520
-1972.068970
198.977234
-1436.766235
-124.535934
396.823730
368.879669
-1803.351929
69.336983
206.845596
-314.591339
104.688171
-420.375580
137.126099
229.966995
-134.962875
-38.803188
391.172607
-39.468414
284.991852
24.702505
-78.712547
-73.169662
357.706482
343.608612
1025.050659
-1558.999023
518.796082
-2083.226807
679.546509
1139.631836
-668.826355
-192.294327
1938.507446
-195.590973
1412.314819
122.416534
-390.070465
-362.601929
1772.661865
-56.486141
-168.509064
256.285339
-85.285378
342.463623
-111.711304
-187.345169
109.948997
31.611448
-318.673096
32.153385
-232.171783
-20.124170
64.124054
59.608479
-291.409576
189.145279
564.256836
-858.177856
285.580231
-1146.748169
374.068085
627.330017
-368.166962
-105.851730
1067.084839
-107.666412
777.433044
67.386284
-214.720993
-199.600479
975.792236
127.409081
380.085876
-578.072388
192.368118
-772.454529
251.973923
422.572235
-247.998901
-71.302185
718.793091
-72.524567
523.682312
45.391701
-144.637009
-134.451752
657.297913
-88.798439
-264.902863
402.890625
-134.071976
538.366333
-175.614563
-294.513977
172.844162
49.694443
-500.966675
50.546383
-364.983185
-31.635988
100.805534
93.706871
-458.107330
-168.793182
-503.542603
765.837708
-254.851715
1023.357666
-333.818237
-559.829102
328.552094
94.462051
-952.266235
96.081474
-693.781006
-60.135506
191.616943
178.123413
-870.796753
505.581665
1508.247559
-2293.892822
763.350464
-3065.235352
999.876709
1676.840942
-984.103210
-282.939606
2852.297119
-287.790253
2078.063232
180.122238
-573.945068
-533.528198
2608.273682
17.751543
52.956276
-80.541168
26.802097
-107.623886
35.106804
58.875778
-34.552975
-9.934329
100.147377
-10.104641
72.963158
6.324296
-20.151859
-18.732779
91.579437
-62.222923
-185.622986
282.313873
-93.947037
377.244507
-123.056786
-206.372101
121.115509
34.821934
-351.037781
35.418907
-255.751328
-22.167997
70.636543
65.662361
-321.005371
-185.560410
-553.562500
841.912903
-280.167633
1125.013794
-366.978394
-615.440247
361.189148
103.845520
-1046.860474
105.625816
-762.698303
-66.109116
210.651398
195.817444
-957.298096
126.716766
378.020538
-574.931213
191.322815
-768.257141
250.604721
420.276062
-246.651306
-70.914742
714.887207
-72.130486
520.836670
45.145050
-143.851074
-133.721176
653.726318
-12.796032
-38.173031
58.057343
-19.320040
77.579659
-25.306408
-42.440048
24.907187
7.161068
-72.190292
7.283835
-52.594803
-4.558809
14.526278
13.503345
-66.014175
43.727257
130.446838
-198.396515
66.021423
-265.109192
86.478355
145.028320
-85.114113
-24.471169
246.692368
-24.890694
179.729645
15.578594
-49.639938
-46.144325
225.587021
135.019318
402.788696
-612.601074
203.858398
-818.593811
267.024506
447.812805
-262.812042
-75.561127
761.727112
-76.856522
554.962280
48.102982
-153.276291
-142.482666
696.558838
118.889290
354.669678
-539.416931
179.504532
-720.800842
235.124527
394.315002
-231.415314
-66.534241
670.727661
-67.674889
488.663910
42.356377
-134.965195
-125.461021
613.344727
99.149887
295.783234
-449.856537
149.701065
-601.124939
196.086365
328.846191
-192.993011
-55.487442
559.365540
-56.438698
407.530121
35.323868
-112.556679
-104.630508
511.509949
315.221252
940.365723
-1430.201660
475.935577
-1911.120239
623.405518
1045.480835
-613.570984
-176.407867
1778.356934
-179.432144
1295.635864
112.303047
-357.844635
-332.645447
1626.212769
