-390.161682
-846.012939
2810.155273
548.286377
2597.085205
1189.685791
-75.989456
858.654480
-1176.661133
-842.057190
-954.061340
-1273.458862
1131.617310
652.425598
380.048859
-1269.962891
12.275124
4.512505
367.985779
142.435822
388.281891
251.177383
15.020882
151.069748
-226.724335
-141.324493
-183.126083
-235.171326
216.011871
123.179916
71.648140
-239.243408
-331.223602
-733.192139
2667.095215
551.911743
2509.207520
1169.980713
-69.582581
838.987915
-1151.871948
-823.133728
-933.846497
-1246.222900
1107.586792
638.554138
371.970093
-1242.972290
-34.274921
-42.349228
-193.601913
-87.487274
-233.721680
-147.394562
-3.935698
-93.019936
134.502563
90.640068
108.718582
143.279327
-128.653976
-73.979141
-43.094593
144.029678
-50.320900
-92.627899
141.043045
3.878907
101.637360
28.777359
-7.214805
26.232164
-33.317226
-25.700199
-27.148567
-36.766212
32.295208
18.667784
10.872557
-36.321121
-48.242012
-132.485611
588.200012
130.249542
569.229553
269.562225
-15.100781
192.291412
-264.406281
-188.687973
-214.339722
-285.964172
254.204422
146.548676
85.367538
-285.264618
112.880943
8.216805
456.205261
115.485435
484.635437
231.064896
-13.123934
164.886871
-226.555252
-161.837875
-183.664566
-245.092773
217.832809
125.586205
73.156433
-244.459091
-474.855225
-1156.076050
4720.427734
1018.887146
4522.669434
2127.200684
-123.229813
1521.610107
-2090.188232
-1493.209229
-1694.501221
-2261.249756
2009.742310
1158.668091
674.946960
-2255.398682
-89.676727
-202.729095
603.767578
100.768593
547.312500
233.477203
-21.217861
174.704224
-235.965591
-171.668076
-191.493439
-256.510742
227.280655
131.131180
76.385063
-255.231842
-42.955185
-62.203331
-38.754219
-39.358562
-78.459641
-58.117908
-2.602896
-35.452518
51.555958
34.903931
41.649155
55.053108
-49.301361
-28.377565
-16.532524
55.255665
-229.370056
-511.711212
1866.365234
385.980469
1756.202393
818.505188
-48.786152
587.055420
-805.940002
-575.953369
-653.394775
-871.963440
774.958679
446.785187
260.260925
-869.685852
73.569901
202.236496
-885.442688
-194.050018
-855.352173
-403.159973
23.243046
-288.241852
395.981384
282.874512
321.017853
428.385101
-380.738892
-219.505722
-127.866386
427.277588
154.892075
362.953003
-1207.449463
-223.934647
-1117.390747
-496.377167
37.866249
-364.220978
495.663971
357.555450
402.064148
537.581604
-477.042053
-275.127960
-160.265091
535.522156
-373.189148
-800.504883
2903.569580
604.685852
2734.206055
1278.177856
-75.226013
915.732605
-1257.548218
-898.504639
-1019.503845
-1360.507080
1209.174438
697.120850
406.086487
-1356.975952
361.891022
935.688354
-3882.450928
-835.781677
-3722.784912
-1747.576904
102.182266
-1251.032471
1718.101196
1227.607300
1392.874634
1858.783325
-1652.011108
-952.429626
-554.808716
1853.944580
125.773285
141.421448
-146.615601
-10.576492
-89.632355
-36.228451
2.829894
-26.869675
36.711376
26.282515
29.770901
39.734417
-35.311222
-20.358032
-11.858918
39.627621
-78.223511
-182.541290
560.025269
93.805435
512.163818
216.865631
-20.929686
163.394058
-219.819519
-160.928864
-178.422958
-239.435226
211.826233
122.272339
71.227158
-237.996597
164.078903
354.482452
-693.699829
-37.009613
-574.988464
-163.247742
49.808876
-156.268005
190.975952
158.247910
155.851776
216.233978
-186.054123
-108.286865
-63.112389
210.865143
102.982605
202.249176
-667.012512
-134.539352
-618.517334
-287.594208
17.159950
-206.327896
283.271515
202.419525
229.653915
306.471924
-272.380127
-157.034424
-91.475601
305.674194
-14.709108
13.611610
-306.989594
-88.378433
-329.559143
-167.588455
6.695570
-116.676102
161.565735
114.683144
130.912323
174.528152
-155.232651
-89.483315
-52.126736
174.190002
-295.190918
-703.774048
2445.135254
469.253174
2279.938965
1025.889771
-73.800629
748.296021
-1020.630493
-734.461121
-827.784302
-1106.229980
982.057739
566.332336
329.895691
-1102.348022
657.813904
1498.399902
-5915.681152
-1269.599365
-5647.507324
-2654.962891
153.894867
-1899.275269
2608.960449
1863.815552
2115.066895
2822.478760
-2508.549072
-1446.243042
-842.464966
2815.175781
69.752823
177.991074
-716.982422
-151.772781
-684.390686
-319.388275
19.213194
-229.189178
314.501068
224.882050
254.981186
340.314148
-302.427216
-174.361069
-101.568489
339.399567
-149.091446
-374.192780
1337.882202
253.288239
1259.535034
556.092163
-46.291737
411.503265
-556.888123
-405.698608
-451.823486
-605.971375
536.317078
309.582703
180.352203
-602.657959
-296.854736
-691.246399
2459.607910
490.674133
2300.708496
1056.135742
-67.805725
762.400879
-1044.363647
-747.809753
-846.812561
-1130.448608
1004.432983
579.111877
337.341827
-1127.250610
547.551208
1410.362305
-5636.697266
-1179.441650
-5376.568848
-2493.005371
156.317825
-1795.095825
2459.645996
1761.880737
1994.327515
2662.811279
-2365.594238
-1363.969482
-794.536316
2654.992432
1.342635
10.822912
-91.333649
-24.673901
-93.952637
-47.688766
1.733785
-33.066429
45.931988
32.449635
37.210972
49.551239
-44.115074
-25.423653
-14.810086
49.491302
21.988321
40.404060
31.976097
37.181446
52.035725
54.881405
8.947749
27.456402
-45.148335
-24.937382
-36.301552
-45.472488
42.643204
24.188498
14.069804
-47.002522
483.355835
1231.151001
-5169.212402
-1122.666992
-4969.423340
-2339.240967
135.282806
-1672.981079
2298.182861
1641.781860
1863.118408
2486.261230
-2209.728271
-1273.965088
-742.109680
2479.829346
376.164246
953.438904
-4008.743652
-871.450684
-3855.292480
-1815.140259
104.922935
-1298.091553
1783.209229
1273.889648
1445.632812
1929.142090
-1714.574463
-988.496216
-575.818542
1924.151733
103.649391
234.720673
-564.767212
-60.353012
-495.695557
-172.795349
33.278481
-146.315445
187.104355
146.775497
152.272537
208.293594
-181.331543
-105.190208
-61.300884
204.837524
269.826202
545.890991
-1919.514160
-398.309662
-1801.518799
-842.521179
49.435188
-603.467957
828.788086
592.130676
671.901245
896.633789
-796.901978
-459.434662
-267.629700
894.309692
