2031.905029
-1250.487305
1553.625977
-1207.962036
406.080566
1923.683228
-421.947083
45.008759
311.278381
-2596.285400
221.360992
922.805481
-2033.411621
1226.171509
529.472656
23.657463
-131.124802
49.090122
-75.939064
75.011452
-60.487469
-91.767563
4.601239
-3.916007
-2.215168
82.396576
-4.902156
-26.551630
60.966335
-38.326805
-17.560360
0.391633
2824.723633
-1490.453735
1979.544189
-1469.381470
526.636963
2306.415039
-500.118896
54.141834
369.785461
-3091.147705
263.458801
1098.583984
-2420.816406
1459.800659
630.360535
28.160845
-1052.968384
622.376221
-734.895203
618.031433
-168.340866
-997.812256
228.965881
-22.296984
-168.679581
1378.798950
-118.242340
-490.900116
1080.999390
-651.546021
-281.204102
-12.714059
-1198.325073
641.220154
-835.278198
654.321777
-226.309479
-1035.686157
225.606583
-24.330095
-166.595413
1392.409302
-118.663330
-494.843506
1090.443237
-657.567993
-283.950531
-12.680801
1871.092529
-928.897217
1435.603760
-946.371460
470.602386
1466.678833
-284.531586
38.383816
210.351196
-1860.382324
155.959518
658.008423
-1452.695801
877.257935
379.406738
16.303322
2075.132324
-1328.355469
1660.955444
-1346.702148
453.955322
2146.029053
-469.738831
50.293724
346.650787
-2893.315430
246.653259
1028.341309
-2265.988525
1366.426392
590.038269
26.361502
1222.112305
-484.336243
687.984070
-455.501373
169.524353
699.570312
-151.150177
16.367470
111.878342
-934.848633
79.686714
332.252991
-732.136963
441.490753
190.640762
8.517290
33.787819
-88.517540
70.748474
-54.433975
2.063147
96.637100
-26.047668
1.803751
19.023806
-145.702362
12.733714
52.163555
-114.625008
68.982162
29.725622
1.393756
722.518066
-435.691071
521.909973
-428.885742
133.360275
684.962891
-152.490448
15.825946
112.366325
-931.997009
79.574013
331.395416
-730.125061
440.232819
190.080750
8.509552
2510.514404
-1316.128296
1746.593628
-1300.637939
464.132233
2042.437866
-443.263855
47.924599
327.698517
-2738.733643
233.431625
973.347961
-2144.841309
1293.380005
558.497559
24.950901
-1828.262939
912.616821
-1230.508301
905.093750
-325.901611
-1416.747437
307.080627
-33.236416
-227.093262
1898.092529
-161.780746
-674.583069
1486.491089
-896.382080
-387.068726
-17.292467
-1098.877808
546.743286
-920.069275
529.822571
-315.548035
-806.794861
145.111267
-22.168304
-107.884880
985.182312
-81.950500
-347.690399
768.231812
-464.165497
-200.841660
-8.534301
249.791092
-85.343521
149.136612
-63.375767
34.685463
86.122467
-16.925488
2.038660
12.799941
-108.484116
9.230150
38.535736
-84.927635
51.215321
22.115801
0.987657
-9131.644531
4836.827148
-6423.939941
4807.835938
-1724.752808
-7558.070312
1637.649170
-177.640945
-1210.858154
10126.481445
-862.990173
-3598.812744
7930.350098
-4782.186035
-2065.017090
-92.245262
-1091.538818
642.286560
-808.649780
644.116211
-217.411728
-1024.150635
224.191132
-23.994778
-165.442032
1380.769775
-117.710815
-490.754028
1081.394165
-652.097351
-281.582886
-12.580474
631.522583
-309.155609
549.611511
-302.194519
203.502625
459.567871
-76.245499
13.571039
56.291515
-541.846313
44.346550
190.332962
-421.342865
254.978775
110.538025
4.463681
-3382.491211
1823.004883
-2627.685547
1815.020142
-842.642090
-2839.218750
563.100708
-73.900238
-413.939575
3645.976318
-305.540680
-1289.349976
2846.831299
-1719.551880
-744.018555
-31.571840
-2137.734131
1120.871826
-1468.635132
1116.371948
-389.395813
-1759.168945
383.318390
-41.223061
-283.161346
2364.606445
-201.569214
-840.413269
1851.890259
-1116.720093
-482.212494
-21.543875
-1241.081299
663.006775
-878.033203
665.428589
-237.635864
-1049.401855
227.386703
-24.707054
-168.068405
1406.359131
-119.830070
-499.775421
1101.328003
-664.134949
-286.786224
-12.807659
2386.590576
-1277.087402
1927.063721
-1227.492432
597.923950
1904.146973
-376.232544
48.682968
278.968597
-2433.494385
204.989426
861.937988
-1901.809814
1147.885986
496.137817
21.668451
-11495.769531
6028.169434
-7808.842285
6005.960449
-2063.880859
-9490.251953
2072.825195
-222.293243
-1530.424805
12775.455078
-1089.087158
-4540.633301
10005.460938
-6033.449219
-2605.311279
-116.399025
-2173.802734
1227.839233
-1574.281860
1217.606323
-419.216064
-1930.759033
421.517609
-45.279297
-311.195862
2598.702393
-221.515701
-923.603882
2035.215210
-1227.272827
-529.952332
-23.674850
1509.020142
-827.341064
1332.925293
-787.111389
461.731903
1239.119385
-224.955521
35.379635
164.045029
-1524.829834
125.644012
536.595825
-1187.120483
718.239502
311.401550
12.501704
2228.585938
-1230.987915
1676.228638
-1189.101807
460.704987
1862.462036
-396.569092
44.366528
293.711456
-2471.714600
210.335052
878.048828
-1935.159790
1167.049316
503.985168
22.476496
520.338196
-323.989044
-142.519531
-458.688568
-180.654907
783.063904
-244.640869
10.524012
178.969025
-1295.820801
115.211876
466.297119
-1022.655212
614.565674
264.427429
12.830230
1036.751709
-542.324951
737.747925
-551.425964
211.416946
864.445679
-183.438934
20.756258
135.698898
-1146.167358
97.409462
407.009644
-897.158691
541.120789
233.711685
10.389663
-193.365875
89.298080
-172.707031
97.144516
-85.109291
-143.667358
16.000610
-5.503361
-10.747931
148.113754
-10.840850
-50.403111
113.067696
-69.306519
-30.579746
-0.617263
-2490.692139
1078.397217
-1464.053345
1044.872925
-370.857330
-1629.531738
354.514160
-38.139786
-261.986115
2187.607422
-186.485458
-777.510254
1713.276611
-1033.132935
-446.118408
-19.931463
2575.224365
-1491.790039
1893.437012
-1510.343506
511.708527
2400.381348
-525.135681
56.244537
387.577637
-3234.993896
275.780670
1149.780029
-2533.583252
1527.790161
659.716980
29.474581
-2074.563965
1262.224121
-1539.111938
1198.950439
-372.167480
-1913.251465
432.044464
-43.149906
-319.561737
2616.469238
-224.616409
-931.906555
2051.732422
-1236.227295
-533.233887
-24.491802
-1606.407104
868.798584
-1122.862793
860.228882
-296.795044
-1358.650269
296.572174
-31.827084
-218.997391
1828.274292
-155.855850
-649.800537
1431.861938
-863.435303
-372.841064
-16.657614
