-0.005177
-0.015531
0.023666
-0.008135
0.031802
-0.010354
-0.017010
0.010354
0.002958
-0.029583
0.002958
-0.021448
-0.002219
0.005917
0.005177
-0.026625
0.001149
0.003447
-0.005253
0.001806
-0.007059
0.002298
0.003775
-0.002298
-0.000657
0.006566
-0.000657
0.004760
0.000492
-0.001313
-0.001149
0.005909
-0.004039
-0.012116
0.018463
-0.006347
0.024810
-0.008078
-0.013270
0.008078
0.002308
-0.023079
0.002308
-0.016732
-0.001731
0.004616
0.004039
-0.020771
-0.001449
-0.004346
0.006622
-0.002276
0.008899
-0.002897
-0.004760
0.002897
0.000828
-0.008278
0.000828
-0.006001
-0.000621
0.001656
0.001449
-0.007450
-0.001149
-0.003448
0.005255
-0.001806
0.007061
-0.002299
-0.003777
0.002299
0.000657
-0.006568
0.000657
-0.004762
-0.000493
0.001314
0.001149
-0.005912
0.000051
0.000153
-0.000233
0.000080
-0.000313
0.000102
0.000167
-0.000102
-0.000029
0.000291
-0.000029
0.000211
0.000022
-0.000058
-0.000051
0.000262
0.008839
0.026516
-0.040405
0.013889
-0.054295
0.017677
0.029041
-0.017677
-0.005051
0.050507
-0.005051
0.036617
0.003788
-0.010101
-0.008839
0.045456
-0.003412
-0.010236
0.015598
-0.005362
0.020960
-0.006824
-0.011211
0.006824
0.001950
-0.019498
0.001950
-0.014136
-0.001462
0.003900
0.003412
-0.017548
-0.001122
-0.003365
0.005127
-0.001762
0.006889
-0.002243
-0.003685
0.002243
0.000641
-0.006409
0.000641
-0.004646
-0.000481
0.001282
0.001122
-0.005768
-0.001411
-0.004232
0.006449
-0.002217
0.008666
-0.002821
-0.004635
0.002821
0.000806
-0.008061
0.000806
-0.005844
-0.000605
0.001612
0.001411
-0.007255
-0.002662
-0.007986
0.012169
-0.004183
0.016352
-0.005324
-0.008746
0.005324
0.001521
-0.015211
0.001521
-0.011028
-0.001141
0.003042
0.002662
-0.013690
-0.000094
-0.000283
0.000431
-0.000148
0.000579
-0.000189
-0.000310
0.000189
0.000054
-0.000539
0.000054
-0.000391
-0.000040
0.000108
0.000094
-0.000485
0.001519
0.004556
-0.006943
0.002387
-0.009329
0.003037
0.004990
-0.003037
-0.000868
0.008678
-0.000868
0.006292
0.000651
-0.001736
-0.001519
0.007811
-0.005272
-0.015816
0.024101
-0.008285
0.032386
-0.010544
-0.017323
0.010544
0.003013
-0.030127
0.003013
-0.021842
-0.002259
0.006025
0.005272
-0.027114
0.001063
0.003189
-0.004860
0.001671
-0.006531
0.002126
0.003493
-0.002126
-0.000607
0.006075
-0.000607
0.004404
0.000456
-0.001215
-0.001063
0.005467
0.005255
0.015766
-0.024025
0.008259
-0.032284
0.010511
0.017268
-0.010511
-0.003003
0.030031
-0.003003
0.021773
0.002252
-0.006006
-0.005255
0.027028
-0.000871
-0.002614
0.003983
-0.001369
0.005352
-0.001742
-0.002862
0.001742
0.000498
-0.004978
0.000498
-0.003609
-0.000373
0.000996
0.000871
-0.004480
0.002864
0.008592
-0.013092
0.004500
-0.017592
0.005728
0.009410
-0.005728
-0.001637
0.016365
-0.001637
0.011865
0.001227
-0.003273
-0.002864
0.014729
0.001942
0.005827
-0.008879
0.003052
-0.011931
0.003884
0.006382
-0.003884
-0.001110
0.011098
-0.001110
0.008046
0.000832
-0.002220
-0.001942
0.009989
-0.001356
-0.004067
0.006197
-0.002130
0.008327
-0.002711
-0.004454
0.002711
0.000775
-0.007746
0.000775
-0.005616
-0.000581
0.001549
0.001356
-0.006972
-0.002533
-0.007600
0.011581
-0.003981
0.015563
-0.005067
-0.008324
0.005067
0.001448
-0.014477
0.001448
-0.010496
-0.001086
0.002895
0.002533
-0.013029
0.007709
0.023126
-0.035240
0.012114
-0.047354
0.015418
0.025329
-0.015418
-0.004405
0.044050
-0.004405
0.031936
0.003304
-0.008810
-0.007709
0.039645
0.000270
0.000811
-0.001236
0.000425
-0.001661
0.000541
0.000888
-0.000541
-0.000154
0.001545
-0.000154
0.001120
0.000116
-0.000309
-0.000270
0.001390
-0.000936
-0.002809
0.004280
-0.001471
0.005751
-0.001873
-0.003076
0.001873
0.000535
-0.005350
0.000535
-0.003879
-0.000401
0.001070
0.000936
-0.004815
-0.002805
-0.008416
0.012825
-0.004409
0.017234
-0.005611
-0.009218
0.005611
0.001603
-0.016031
0.001603
-0.011623
-0.001202
0.003206
0.002805
-0.014428
0.001938
0.005813
-0.008858
0.003045
-0.011903
0.003875
0.006366
-0.003875
-0.001107
0.011072
-0.001107
0.008027
0.000830
-0.002214
-0.001938
0.009965
-0.000173
-0.000518
0.000790
-0.000271
0.001061
-0.000345
-0.000568
0.000345
0.000099
-0.000987
0.000099
-0.000716
-0.000074
0.000197
0.000173
-0.000888
0.000660
0.001979
-0.003016
0.001037
-0.004052
0.001319
0.002167
-0.001319
-0.000377
0.003769
-0.000377
0.002733
0.000283
-0.000754
-0.000660
0.003392
0.002100
0.006299
-0.009598
0.003299
-0.012897
0.004199
0.006898
-0.004199
-0.001200
0.011997
-0.001200
0.008698
0.000900
-0.002399
-0.002100
0.010798
0.001846
0.005538
-0.008438
0.002901
-0.011339
0.003692
0.006065
-0.003692
-0.001055
0.010548
-0.001055
0.007647
0.000791
-0.002110
-0.001846
0.009493
0.001522
0.004566
-0.006958
0.002392
-0.009350
0.003044
0.005001
-0.003044
-0.000870
0.008698
-0.000870
0.006306
0.000652
-0.001740
-0.001522
0.007828
0.004808
0.014425
-0.021980
0.007556
-0.029536
0.009616
0.015798
-0.009616
-0.002748
0.027475
-0.002748
0.019920
0.002061
-0.005495
-0.004808
0.024728
