0.002118
-0.034065
0.023982
0.007554
0.026021
0.025188
-0.001355
0.011476
-0.007013
-0.022951
-0.026139
-0.010838
0.003825
0.014663
-0.014663
0.005738
-0.000431
-0.011165
0.008158
0.003815
0.009470
0.008114
-0.001231
0.004523
-0.002352
-0.008284
-0.009542
-0.004032
0.001419
0.005386
-0.005444
0.002120
0.020540
-0.039077
0.026885
0.006499
0.026452
0.025922
-0.001283
0.011543
-0.007054
-0.023086
-0.026293
-0.010902
0.003848
0.014750
-0.014750
0.005772
-0.005987
0.031989
-0.022440
-0.007323
-0.024690
-0.023709
0.001453
-0.010984
0.006626
0.021822
0.024888
0.010319
-0.003642
-0.013961
0.013961
-0.005463
0.009941
-0.021497
0.014930
0.003558
0.014806
0.014612
-0.000621
0.006413
-0.003958
-0.012887
-0.014677
-0.006086
0.002148
0.008234
-0.008234
0.003222
0.011339
-0.008841
0.006805
-0.000657
0.004055
0.004909
0.000622
0.001242
-0.001089
-0.003124
-0.003423
-0.001385
0.000494
0.001892
-0.001892
0.000740
-0.018090
0.016045
-0.010278
-0.002561
-0.009944
-0.009701
0.000485
-0.004366
0.002668
0.008731
0.009944
0.004123
-0.001455
-0.005578
0.005578
-0.002183
0.019838
-0.024174
0.016031
0.003889
0.015568
0.015135
-0.000757
0.006811
-0.004162
-0.013621
-0.015513
-0.006432
0.002270
0.008703
-0.008703
0.003405
-0.000106
0.000855
-0.000428
-0.000437
-0.001138
-0.001083
0.000113
-0.000563
0.000321
0.001093
0.001246
0.000519
-0.000183
-0.000702
0.000702
-0.000275
-0.004412
-0.003088
0.002015
0.001589
0.003438
0.003112
-0.000368
0.001644
-0.000946
-0.003197
-0.003641
-0.001510
0.000533
0.002043
-0.002043
0.000799
0.015285
-0.023801
0.016197
0.003756
0.015542
0.015203
-0.000754
0.006783
-0.004145
-0.013566
-0.015450
-0.006406
0.002261
0.008667
-0.008667
0.003391
-0.018901
0.026457
-0.017803
-0.004230
-0.017309
-0.016982
0.000840
-0.007564
0.004622
0.015128
0.017229
0.007144
-0.002521
-0.009665
0.009665
-0.003782
-0.010003
0.007029
-0.005535
0.001003
-0.002405
-0.003241
-0.000642
-0.000552
0.000651
0.001630
0.001781
0.000704
-0.000253
-0.000971
0.000971
-0.000380
0.001658
0.000444
-0.000485
-0.000409
-0.001068
-0.001029
0.000054
-0.000483
0.000295
0.000966
0.001100
0.000456
-0.000161
-0.000617
0.000617
-0.000241
-0.058478
0.045720
-0.030370
-0.003322
-0.023497
-0.023499
0.000599
-0.009969
0.006092
0.019938
0.022708
0.009415
-0.003323
-0.012738
0.012738
-0.004985
-0.010917
0.037950
-0.026465
-0.007527
-0.027929
-0.027251
0.001363
-0.012263
0.007494
0.024526
0.027933
0.011582
-0.004088
-0.015669
0.015669
-0.006132
0.004092
0.003319
-0.001944
-0.002212
-0.004194
-0.003580
0.000704
-0.002179
0.001156
0.004013
0.004619
0.001929
-0.000681
-0.002610
0.002610
-0.001021
-0.005370
0.005016
-0.003963
0.000694
-0.001625
-0.002164
-0.000459
-0.000340
0.000433
0.001060
0.001155
0.000446
-0.000160
-0.000614
0.000614
-0.000240
-0.024027
0.068501
-0.047563
-0.013242
-0.049695
-0.048466
0.002423
-0.021810
0.013328
0.043619
0.049677
0.020598
-0.007270
-0.027868
0.027868
-0.010905
-0.002722
-0.007542
0.005276
0.002268
0.006671
0.006358
-0.000437
0.003012
-0.001825
-0.005974
-0.006804
-0.002821
0.000996
0.003817
-0.003817
0.001493
0.021949
-0.030474
0.022331
0.002237
0.017781
0.018661
0.000248
0.006993
-0.004707
-0.014840
-0.016779
-0.006923
0.002443
0.009366
-0.009366
0.003665
-0.046370
0.058305
-0.038790
-0.009848
-0.038338
-0.037403
0.001870
-0.016831
0.010286
0.033663
0.038338
0.015896
-0.005610
-0.021507
0.021507
-0.008416
-0.013364
0.035738
-0.024963
-0.006608
-0.025488
-0.024932
0.001195
-0.011142
0.006815
0.022305
0.025403
0.010533
-0.003718
-0.014251
0.014251
-0.005576
0.014885
-0.023950
0.018320
0.002233
0.014823
0.015379
0.000213
0.005820
-0.003937
-0.012305
-0.013931
-0.005724
0.002025
0.007761
-0.007761
0.003037
0.010872
-0.017422
0.012400
0.002017
0.010542
0.010580
-0.000306
0.004429
-0.002785
-0.008980
-0.010227
-0.004241
0.001497
0.005737
-0.005737
0.002245
-0.010222
0.024948
-0.019617
-0.003005
-0.014857
-0.014688
0.000207
-0.005957
0.003833
0.012284
0.013935
0.005763
-0.002034
-0.007796
0.007796
-0.003051
0.006099
-0.016622
0.011546
0.003107
0.011994
0.011766
-0.000545
0.005243
-0.003218
-0.010511
-0.011965
-0.004961
0.001751
0.006712
-0.006712
0.002626
-0.000312
-0.001831
0.001298
0.000781
0.001747
0.001475
-0.000260
0.000866
-0.000445
-0.001575
-0.001814
-0.000767
0.000270
0.001026
-0.001037
0.000403
-0.025997
0.028941
-0.018916
-0.004691
-0.018512
-0.018060
0.000903
-0.008127
0.004967
0.016254
0.018512
0.007676
-0.002709
-0.010385
0.010385
-0.004064
0.008827
-0.025838
0.018040
0.005097
0.019000
0.018537
-0.000927
0.008342
-0.005098
-0.016683
-0.019000
-0.007878
0.002781
0.010659
-0.010659
0.004171
-0.009617
0.025552
-0.018524
-0.004061
-0.017679
-0.017630
0.000385
-0.007417
0.004764
0.015234
0.017299
0.007128
-0.002518
-0.009684
0.009648
-0.003782
-0.045792
0.101092
-0.069715
-0.018970
-0.071848
-0.070038
0.003502
-0.031517
0.019260
0.063034
0.071789
0.029766
-0.010506
-0.040272
0.040272
-0.015759
