-0.005629
-0.013003
0.042628
0.008294
0.039445
0.017980
-0.001315
0.013108
-0.018101
-0.012484
-0.014356
-0.019350
0.017477
0.009987
0.005618
-0.019350
0.000293
0.000097
0.005475
0.002205
0.005875
0.003825
0.000189
0.002306
-0.003496
-0.002102
-0.002762
-0.003584
0.003346
0.001892
0.001064
-0.003672
-0.004834
-0.011472
0.040956
0.008502
0.038709
0.017938
-0.001239
0.013013
-0.017970
-0.012393
-0.014252
-0.019209
0.017350
0.009914
0.005577
-0.019209
-0.000599
-0.000710
-0.002948
-0.001366
-0.003566
-0.002244
-0.000043
-0.001434
0.002084
0.001366
0.001648
0.002217
-0.002003
-0.001144
-0.000644
0.002217
-0.000772
-0.001453
0.002130
0.000039
0.001491
0.000410
-0.000108
0.000382
-0.000488
-0.000364
-0.000389
-0.000525
0.000474
0.000271
0.000152
-0.000525
-0.000669
-0.002046
0.008933
0.001978
0.008677
0.004078
-0.000276
0.002947
-0.004073
-0.002806
-0.003230
-0.004353
0.003932
0.002247
0.001264
-0.004353
0.001816
0.000166
0.006901
0.001737
0.007450
0.003485
-0.000240
0.002523
-0.003485
-0.002403
-0.002764
-0.003725
0.003365
0.001923
0.001081
-0.003725
-0.006766
-0.017859
0.071799
0.015523
0.069106
0.032286
-0.002227
0.023379
-0.032286
-0.022266
-0.025606
-0.034512
0.031172
0.017813
0.010020
-0.034512
-0.001363
-0.003247
0.009462
0.001575
0.008633
0.003647
-0.000360
0.002759
-0.003754
-0.002619
-0.002981
-0.004021
0.003632
0.002075
0.001167
-0.004021
-0.000695
-0.001027
-0.000473
-0.000602
-0.001156
-0.000850
-0.000020
-0.000530
0.000765
0.000526
0.000605
0.000815
-0.000736
-0.000421
-0.000237
0.000815
-0.003338
-0.008018
0.028771
0.005955
0.027143
0.012585
-0.000869
0.009129
-0.012606
-0.008694
-0.009998
-0.013476
0.012172
0.006955
0.003912
-0.013476
0.001022
0.003138
-0.013579
-0.002981
-0.013179
-0.006168
0.000425
-0.004466
0.006167
0.004253
0.004891
0.006593
-0.005955
-0.003403
-0.001914
0.006593
0.002257
0.005633
-0.018261
-0.003364
-0.016948
-0.007444
0.000660
-0.005541
0.007580
0.005266
0.006017
0.008110
-0.007325
-0.004186
-0.002354
0.008110
-0.005440
-0.012366
0.044062
0.009188
0.041534
0.019368
-0.001336
0.014025
-0.019368
-0.013357
-0.015361
-0.020704
0.018700
0.010686
0.006011
-0.020704
0.005074
0.014425
-0.058977
-0.012704
-0.056790
-0.026475
0.001841
-0.019184
0.026492
0.018270
0.021011
0.028319
-0.025578
-0.014616
-0.008222
0.028319
0.001990
0.002091
-0.002070
-0.000130
-0.001131
-0.000470
0.000032
-0.000340
0.000470
0.000324
0.000373
0.000503
-0.000454
-0.000259
-0.000146
0.000503
-0.001171
-0.002861
0.008500
0.001391
0.007810
0.003264
-0.000356
0.002495
-0.003372
-0.002389
-0.002678
-0.003626
0.003263
0.001864
0.001049
-0.003612
0.002553
0.005511
-0.010757
-0.000498
-0.008882
-0.002460
0.000758
-0.002417
0.002953
0.002387
0.002358
0.003297
-0.002889
-0.001654
-0.000930
0.003204
0.001515
0.003087
-0.009870
-0.001993
-0.009184
-0.004252
0.000293
-0.003079
0.004252
0.002933
0.003372
0.004545
-0.004106
-0.002346
-0.001320
0.004545
-0.000299
0.000120
-0.004317
-0.001285
-0.004733
-0.002404
0.000127
-0.001692
0.002351
0.001621
0.001864
0.002513
-0.002270
-0.001297
-0.000730
0.002513
-0.004269
-0.010908
0.037202
0.007137
0.034768
0.015533
-0.001281
0.011465
-0.015739
-0.010919
-0.012492
-0.016837
0.015207
0.008690
0.004888
-0.016837
0.009457
0.023131
-0.089632
-0.019302
-0.085898
-0.040178
0.002771
-0.029094
0.040178
0.027709
0.031865
0.042949
-0.038793
-0.022167
-0.012469
0.042949
0.000962
0.002685
-0.010634
-0.002249
-0.010186
-0.004718
0.000337
-0.003428
0.004731
0.003263
0.003752
0.005057
-0.004568
-0.002610
-0.001468
0.005057
-0.002159
-0.005776
0.020461
0.003856
0.019309
0.008460
-0.000788
0.006339
-0.008628
-0.006065
-0.006848
-0.009269
0.008343
0.004773
0.002682
-0.009239
-0.004267
-0.010696
0.037529
0.007477
0.035233
0.016056
-0.001187
0.011728
-0.016165
-0.011148
-0.012821
-0.017280
0.015608
0.008919
0.005017
-0.017280
0.007777
0.021879
-0.085926
-0.017972
-0.082260
-0.037860
0.002798
-0.027608
0.038033
0.026279
0.030171
0.040665
-0.036730
-0.020988
-0.011806
0.040665
0.000018
0.000184
-0.001416
-0.000377
-0.001459
-0.000729
0.000036
-0.000514
0.000716
0.000490
0.000568
0.000765
-0.000691
-0.000395
-0.000222
0.000765
0.000374
0.000626
0.000347
0.000553
0.000678
0.000792
0.000133
0.000393
-0.000658
-0.000340
-0.000516
-0.000655
0.000623
0.000352
0.000197
-0.000687
0.006839
0.019064
-0.078806
-0.017148
-0.076053
-0.035573
0.002453
-0.025760
0.035573
0.024533
0.028213
0.038027
-0.034347
-0.019627
-0.011040
0.038027
0.005294
0.014692
-0.060851
-0.013257
-0.058758
-0.027484
0.001895
-0.019902
0.027484
0.018954
0.021797
0.029379
-0.026536
-0.015163
-0.008529
0.029379
0.001596
0.003645
-0.008703
-0.000881
-0.007607
-0.002600
0.000533
-0.002249
0.002885
0.002176
0.002297
0.003159
-0.002806
-0.001612
-0.000903
0.003110
0.004012
0.008431
-0.029463
-0.006150
-0.027743
-0.012923
0.000891
-0.009358
0.012923
0.008912
0.010249
0.013814
-0.012477
-0.007130
-0.004010
0.013814
