-0.019476
0.007102
-0.008060
0.010653
-0.005041
-0.026717
-0.020405
0.009792
0.013056
0.015504
0.014280
-0.003672
0.000816
-0.012648
-0.013872
-0.001632
-0.006169
0.003956
-0.002684
0.004599
-0.001010
-0.009642
-0.007779
0.003961
0.004761
0.005823
0.005364
-0.001502
0.000377
-0.004815
-0.005297
-0.000653
0.019519
-0.015004
0.019196
-0.012923
0.008176
0.034642
0.026244
-0.012597
-0.016796
-0.019945
-0.018371
0.004724
-0.001050
0.016271
0.017846
0.002100
0.007953
-0.005398
0.005740
-0.005336
0.002668
0.013296
0.010190
-0.004932
-0.006491
-0.007730
-0.007128
0.001843
-0.000408
0.006319
0.006931
0.000815
0.006174
-0.004581
0.005637
-0.004048
0.002537
0.010718
0.008104
-0.003887
-0.005192
-0.006162
-0.005674
0.001459
-0.000324
0.005026
0.005512
0.000648
0.014589
-0.009946
0.013743
-0.008885
0.006239
0.024377
0.018303
-0.008743
-0.011766
-0.013927
-0.012830
0.003296
-0.000732
0.011353
0.012451
0.001465
-0.044476
0.027416
-0.034970
0.027412
-0.016443
-0.072348
-0.054809
0.026309
0.035078
0.041655
0.038367
-0.009866
0.002192
-0.033982
-0.037270
-0.004385
0.036249
-0.025475
0.032632
-0.023340
0.014113
0.062097
0.047043
-0.022581
-0.030107
-0.035753
-0.032930
0.008468
-0.001882
0.029167
0.031989
0.003763
0.000696
-0.002209
0.003365
-0.000738
0.001314
0.002703
0.001898
-0.000872
-0.001265
-0.001460
-0.001347
0.000343
-0.000076
0.001183
0.001297
0.000153
-0.010398
0.005746
-0.007888
0.006028
-0.003723
-0.016108
-0.012183
0.005844
0.007800
0.009259
0.008528
-0.002193
0.000487
-0.007554
-0.008285
-0.000975
0.019261
-0.014099
0.018298
-0.012464
0.007894
0.033385
0.025254
-0.012122
-0.016163
-0.019193
-0.017678
0.004546
-0.001010
0.015658
0.017173
0.002020
-0.027124
0.017415
-0.022636
0.016721
-0.010243
-0.044414
-0.033629
0.016142
0.021523
0.025558
0.023540
-0.006053
0.001345
-0.020850
-0.022868
-0.002690
-0.013920
0.011268
-0.015555
0.008942
-0.006645
-0.024841
-0.018608
0.008873
0.011947
0.014172
0.013034
-0.003352
0.000745
-0.011545
-0.012662
-0.001490
0.004982
-0.005889
0.007562
-0.004151
0.002739
0.011338
0.008589
-0.004123
-0.005497
-0.006528
-0.006012
0.001546
-0.000344
0.005325
0.005841
0.000687
-0.104356
0.068443
-0.089802
0.064473
-0.040402
-0.172222
-0.130229
0.062513
0.083351
0.098979
0.091165
-0.023443
0.005209
-0.080746
-0.088561
-0.010419
0.003447
-0.001438
0.002063
-0.001676
0.001001
0.004422
0.003350
-0.001608
-0.002144
-0.002546
-0.002345
0.000603
-0.000134
0.002077
0.002278
0.000268
0.009238
-0.007333
0.010086
-0.005871
0.004523
0.016374
0.012214
-0.005803
-0.007880
-0.009323
-0.008572
0.002187
-0.000489
0.007583
0.008317
0.000978
-0.007153
0.008119
-0.010686
0.005380
-0.004683
-0.014760
-0.010932
0.005150
0.007123
0.008405
0.007717
-0.001952
0.000428
-0.006817
-0.007470
-0.000879
-0.005457
0.004154
-0.005270
0.003657
-0.002289
-0.009756
-0.007391
0.003548
0.004730
0.005617
0.005174
-0.001330
0.000296
-0.004582
-0.005026
-0.000591
-0.011242
0.006792
-0.009276
0.006664
-0.004240
-0.017891
-0.013517
0.006482
0.008652
0.010274
0.009463
-0.002433
0.000541
-0.008381
-0.009192
-0.001081
0.022277
-0.018879
0.026631
-0.014349
0.011115
0.040487
0.030233
-0.014390
-0.019427
-0.022996
-0.021181
0.005446
-0.001210
0.018760
0.020576
0.002421
-0.088964
0.058488
-0.074308
0.055988
-0.033683
-0.148206
-0.112277
0.053893
0.071857
0.085331
0.078594
-0.020210
0.004491
-0.069612
-0.076349
-0.008982
-0.004133
0.003651
-0.005384
0.002650
-0.002183
-0.007616
-0.005682
0.002716
0.003639
0.004322
0.003980
-0.001024
0.000227
-0.003525
-0.003867
-0.000455
0.012817
-0.011552
0.018348
-0.007888
0.008434
0.024096
0.017492
-0.008104
-0.011538
-0.013483
-0.012395
0.003051
-0.000637
0.010902
0.011936
0.001404
0.011346
-0.011049
0.015543
-0.007753
0.006188
0.022029
0.016489
-0.007873
-0.010559
-0.012539
-0.011549
0.002970
-0.000660
0.010229
0.011219
0.001320
-0.006279
0.014685
-0.026413
0.004631
-0.009826
-0.019264
-0.013408
0.006144
0.008920
0.010343
0.009432
-0.002425
0.000539
-0.008354
-0.009162
-0.001078
0.001379
-0.000769
0.000781
-0.000877
0.000409
0.002175
0.001670
-0.000807
-0.001065
-0.001266
-0.001168
0.000300
-0.000067
0.001035
0.001135
0.000134
-0.001523
0.001402
-0.001279
0.001229
-0.000539
-0.002802
-0.002183
0.001074
0.001378
0.001658
0.001525
-0.000403
0.000093
-0.001359
-0.001491
-0.000175
-0.055789
0.037446
-0.047819
0.035301
-0.021261
-0.093548
-0.070870
0.034018
0.045357
0.053861
0.049609
-0.012757
0.002835
-0.043939
-0.048192
-0.005670
0.001572
0.001263
-0.001426
-0.000052
-0.000000
-0.000000
0.000000
0.000000
0.000000
0.000000
0.000000
0.000000
0.000000
-0.000000
-0.000000
0.000000
-0.002727
0.003999
-0.005656
0.002168
-0.002389
-0.006429
-0.004665
0.002165
0.003072
0.003601
0.003304
-0.000833
0.000177
-0.002910
-0.003192
-0.000376
-0.039294
0.025931
-0.033224
0.024781
-0.015035
-0.065677
-0.049755
0.023882
0.031843
0.037814
0.034828
-0.008956
0.001990
-0.030848
-0.033833
-0.003980
