-0.251257
0.130252
-0.166454
-0.108258
-0.073441
0.004531
0.237839
-0.108640
-0.079558
-0.088389
-0.110843
-0.003401
0.108067
-0.196962
0.048936
0.175326
-0.067815
0.253353
0.071204
-0.071869
-0.177450
0.231058
0.015187
-0.085176
-0.156649
0.137180
-0.012915
0.065984
0.062063
0.051002
0.144810
0.160574
-0.207204
-0.096115
-0.166371
0.037664
-0.007774
-0.071969
-0.021443
-0.236450
-0.061899
0.011865
-0.118961
0.057976
0.124593
-0.163381
0.292285
0.004156
-0.064254
0.063670
0.037213
0.031609
-0.252349
0.278939
0.064939
-0.189395
-0.207436
0.629884
0.011138
-0.016400
0.249677
0.177821
0.064594
0.099729
0.030872
0.061955
-0.142087
-0.080903
0.008972
-0.208776
0.181126
-0.248913
0.035669
0.027474
-0.132072
0.134608
0.195067
-0.103122
0.396335
-0.025281
-0.143687
0.303139
0.086720
0.032836
-0.266985
0.437065
0.008093
-0.231424
-0.128949
0.466916
-0.045791
0.063253
0.373960
0.087496
-0.051702
0.055370
-0.206023
0.014200
-0.215582
0.162804
0.141198
-0.230494
-0.134883
-0.050054
-0.017073
-0.094442
-0.186957
0.124570
0.115073
-0.006624
0.767853
0.079006
-0.067885
0.506630
0.145547
0.122290
-0.278809
0.648943
0.238376
-0.214703
-0.228512
-0.157168
-0.124429
0.022990
0.110449
-0.155584
0.419050
0.102317
