-0.251190
0.131348
-0.166718
-0.107529
-0.072754
0.003845
0.238693
-0.108917
-0.080597
-0.088043
-0.109879
-0.003784
0.107437
-0.196381
0.049423
0.176880
-0.069199
0.254150
0.071732
-0.072479
-0.176453
0.232330
0.015274
-0.084747
-0.156570
0.138153
-0.011490
0.065567
0.063721
0.052322
0.146484
0.161819
-0.206528
-0.095764
-0.167740
0.037979
-0.007324
-0.071579
-0.021332
-0.236679
-0.063766
0.011414
-0.120529
0.058487
0.123718
-0.162933
0.291260
0.003418
-0.064026
0.063782
0.036194
0.029861
-0.251068
0.278320
0.063293
-0.189468
-0.207932
0.631165
0.011276
-0.015381
0.250214
0.177383
0.064148
0.100784
0.141129
0.131546
-0.139648
-0.115372
-0.076630
-0.184097
0.197159
-0.206207
-0.019073
0.107193
-0.143753
0.196991
0.168335
-0.041306
0.874603
-0.015015
-0.138290
0.146240
0.037704
0.103012
-0.271515
0.471771
0.045761
-0.238647
-0.121750
0.125580
-0.015335
0.030853
0.307373
-0.000092
0.057602
0.237045
-0.214417
-0.178131
-0.202744
0.292923
-0.149948
-0.046158
0.049347
-0.087402
0.015533
-0.038498
-0.110748
0.114456
0.022919
0.007690
0.175858
0.171280
0.061920
0.015167
0.320145
-0.061432
-0.215622
0.201126
0.241959
-0.196609
-0.103622
0.180603
-0.138702
-0.030991
0.094849
-0.094635
0.313416
0.410446
