-16462.000000
8608.000000
-10926.000000
-7047.000000
-4768.000000
252.000000
15643.000000
-7138.000000
-5282.000000
-5770.000000
-7201.000000
-248.000000
7041.000000
-12870.000000
3239.000000
11592.000000
-4535.000000
16656.000000
4701.000000
-4750.000000
-11564.000000
15226.000000
1001.000000
-5554.000000
-10261.000000
9054.000000
-753.000000
4297.000000
4176.000000
3429.000000
9600.000000
10605.000000
-13535.000000
-6276.000000
-10993.000000
2489.000000
-480.000000
-4691.000000
-1398.000000
-15511.000000
-4179.000000
748.000000
-7899.000000
3833.000000
8108.000000
-10678.000000
19088.000000
224.000000
-4196.000000
4180.000000
2372.000000
1957.000000
-16454.000000
18240.000000
4148.000000
-12417.000000
-13627.000000
41364.000000
739.000000
-1008.000000
16398.000000
11625.000000
4204.000000
6605.000000
9249.000000
8621.000000
-9152.000000
-7561.000000
-5022.000000
-12065.000000
12921.000000
-13514.000000
-1250.000000
7025.000000
-9421.000000
12910.000000
11032.000000
-2707.000000
57318.000000
-984.000000
-9063.000000
9584.000000
2471.000000
6751.000000
-17794.000000
30918.000000
2999.000000
-15640.000000
-7979.000000
8230.000000
-1005.000000
2022.000000
20144.000000
-6.000000
3775.000000
15535.000000
-14052.000000
-11674.000000
-13287.000000
19197.000000
-9827.000000
-3025.000000
3234.000000
-5728.000000
1018.000000
-2523.000000
-7258.000000
7501.000000
1502.000000
504.000000
11525.000000
11225.000000
4058.000000
994.000000
20981.000000
-4026.000000
-14131.000000
13181.000000
15857.000000
-12885.000000
-6791.000000
11836.000000
-9090.000000
-2031.000000
6216.000000
-6202.000000
20540.000000
26899.000000
