434.000000
-96.000000
338.000000
121.000000
96.000000
-4.000000
-741.000000
286.000000
94.000000
118.000000
223.000000
8.000000
-127.000000
442.000000
-89.000000
-440.000000
73.000000
-240.000000
-163.000000
114.000000
212.000000
-646.000000
-23.000000
78.000000
235.000000
-162.000000
15.000000
-55.000000
-176.000000
-155.000000
-128.000000
-403.000000
801.000000
124.000000
783.000000
-71.000000
32.000000
173.000000
138.000000
1385.000000
173.000000
-20.000000
549.000000
-263.000000
-340.000000
842.000000
-1136.000000
-32.000000
156.000000
-172.000000
-188.000000
-91.000000
698.000000
-1728.000000
-204.000000
383.000000
709.000000
-1644.000000
-29.000000
16.000000
-1522.000000
-1175.000000
-148.000000
-563.000000
-27.000000
-43.000000
274.000000
81.000000
-4.000000
210.000000
-502.000000
587.000000
-28.000000
-26.000000
246.000000
-239.000000
-224.000000
222.000000
-623.000000
55.000000
137.000000
-260.000000
-177.000000
-44.000000
313.000000
-1078.000000
-13.000000
191.000000
190.000000
-525.000000
51.000000
-48.000000
-897.000000
-233.000000
29.000000
-129.000000
