0.006521
-0.001439
0.005085
0.001829
0.001456
-0.000075
-0.011069
0.004279
0.001395
0.001786
0.003388
0.000107
-0.001920
0.006667
-0.001322
-0.006553
0.001077
-0.003607
-0.002430
0.001694
0.003219
-0.009643
-0.000339
0.001187
0.003539
-0.002417
0.000244
-0.000834
-0.002575
-0.002267
-0.001891
-0.006012
0.012270
0.001901
0.011810
-0.001085
0.000499
0.002647
0.002109
0.021120
0.002557
-0.000329
0.008263
-0.003975
-0.005221
0.012881
-0.017354
-0.000557
0.002378
-0.002594
-0.002938
-0.001486
0.010649
-0.026438
-0.003192
0.005827
0.010796
-0.025032
-0.000433
0.000275
-0.023160
-0.017965
-0.002252
-0.008512
-0.000421
-0.000647
0.004222
0.001239
-0.000086
0.003223
-0.007727
0.008999
-0.000452
-0.000425
0.003738
-0.003694
-0.003404
0.003428
-0.009545
0.000809
0.002102
-0.003978
-0.002700
-0.000649
0.004781
-0.016484
-0.000207
0.002949
0.002902
-0.008030
0.000779
-0.000763
-0.013769
-0.003625
0.000459
-0.001952
-0.002892
-0.000005
-0.003084
0.001845
0.001555
-0.000981
-0.003411
-0.000711
-0.000214
-0.001159
-0.002757
0.001861
-0.000013
0.000121
0.010263
0.001593
0.000170
0.002512
0.002504
0.001464
-0.001142
0.013923
0.002848
-0.000213
-0.002138
-0.004565
-0.001115
-0.000141
0.002065
-0.003737
0.003035
0.001970
